Channel No.	Counts
1	0.0
2	0.0
3	202061.0
4	4790721.0
5	5103945.0
6	8544077.0
7	13311699.0
8	10576397.0
9	3113709.0
10	1144264.0
11	768113.0
12	599682.0
13	452973.0
14	273347.0
15	132392.0
16	53031.0
17	21842.0
18	11963.0
19	8095.0
20	6353.0
21	4652.0
22	3511.0
23	2557.0
24	1677.0
25	1163.0
26	611.0
27	344.0
28	161.0
29	84.0
30	37.0
31	13.0
32	8.0
33	19.0
34	19.0
35	13.0
36	17.0
37	18.0
38	18.0
39	15.0
40	20.0
41	13.0
42	17.0
43	10.0
44	15.0
45	21.0
46	17.0
47	13.0
48	16.0
49	14.0
50	24.0
51	17.0
52	16.0
53	7.0
54	10.0
55	15.0
56	20.0
57	13.0
58	12.0
59	13.0
60	12.0
61	14.0
62	9.0
63	13.0
64	19.0
65	12.0
66	17.0
67	9.0
68	18.0
69	17.0
70	13.0
71	16.0
72	15.0
73	18.0
74	13.0
75	13.0
76	19.0
77	16.0
78	20.0
79	32.0
80	28.0
81	16.0
82	11.0
83	13.0
84	32.0
85	19.0
86	18.0
87	18.0
88	14.0
89	24.0
90	20.0
91	17.0
92	17.0
93	20.0
94	23.0
95	17.0
96	27.0
97	18.0
98	19.0
99	27.0
100	19.0
101	20.0
102	23.0
103	16.0
104	17.0
105	21.0
106	20.0
107	33.0
108	23.0
109	19.0
110	24.0
111	35.0
112	31.0
113	28.0
114	27.0
115	28.0
116	17.0
117	28.0
118	31.0
119	33.0
120	24.0
121	25.0
122	24.0
123	25.0
124	24.0
125	15.0
126	26.0
127	27.0
128	25.0
129	20.0
130	28.0
131	16.0
132	19.0
133	23.0
134	29.0
135	25.0
136	13.0
137	23.0
138	18.0
139	15.0
140	26.0
141	17.0
142	17.0
143	17.0
144	24.0
145	13.0
146	25.0
147	23.0
148	23.0
149	18.0
150	7.0
151	24.0
152	19.0
153	20.0
154	16.0
155	27.0
156	17.0
157	18.0
158	14.0
159	26.0
160	16.0
161	21.0
162	20.0
163	13.0
164	21.0
165	21.0
166	20.0
167	12.0
168	19.0
169	30.0
170	27.0
171	26.0
172	27.0
173	18.0
174	18.0
175	15.0
176	23.0
177	25.0
178	16.0
179	34.0
180	15.0
181	20.0
182	23.0
183	16.0
184	16.0
185	23.0
186	30.0
187	23.0
188	22.0
189	16.0
190	24.0
191	23.0
192	28.0
193	23.0
194	19.0
195	20.0
196	21.0
197	15.0
198	19.0
199	19.0
200	19.0
201	21.0
202	23.0
203	24.0
204	21.0
205	18.0
206	22.0
207	21.0
208	17.0
209	22.0
210	20.0
211	12.0
212	18.0
213	25.0
214	20.0
215	21.0
216	27.0
217	18.0
218	14.0
219	29.0
220	27.0
221	21.0
222	21.0
223	24.0
224	25.0
225	24.0
226	24.0
227	18.0
228	18.0
229	22.0
230	22.0
231	22.0
232	19.0
233	18.0
234	23.0
235	22.0
236	24.0
237	21.0
238	18.0
239	24.0
240	33.0
241	29.0
242	28.0
243	23.0
244	12.0
245	21.0
246	22.0
247	26.0
248	21.0
249	25.0
250	15.0
251	32.0
252	18.0
253	16.0
254	21.0
255	24.0
256	18.0
257	32.0
258	21.0
259	25.0
260	22.0
261	22.0
262	24.0
263	29.0
264	27.0
265	16.0
266	16.0
267	19.0
268	18.0
269	28.0
270	23.0
271	18.0
272	16.0
273	15.0
274	27.0
275	19.0
276	15.0
277	21.0
278	14.0
279	21.0
280	12.0
281	23.0
282	18.0
283	27.0
284	25.0
285	16.0
286	12.0
287	15.0
288	13.0
289	23.0
290	21.0
291	17.0
292	16.0
293	18.0
294	20.0
295	19.0
296	22.0
297	19.0
298	29.0
299	21.0
300	18.0
301	11.0
302	19.0
303	16.0
304	15.0
305	18.0
306	16.0
307	17.0
308	16.0
309	20.0
310	16.0
311	17.0
312	18.0
313	17.0
314	11.0
315	21.0
316	14.0
317	13.0
318	18.0
319	25.0
320	14.0
321	10.0
322	23.0
323	14.0
324	18.0
325	16.0
326	16.0
327	21.0
328	18.0
329	14.0
330	21.0
331	22.0
332	21.0
333	23.0
334	18.0
335	20.0
336	31.0
337	23.0
338	16.0
339	14.0
340	17.0
341	22.0
342	21.0
343	22.0
344	9.0
345	23.0
346	17.0
347	19.0
348	20.0
349	15.0
350	16.0
351	14.0
352	16.0
353	8.0
354	13.0
355	12.0
356	15.0
357	15.0
358	13.0
359	17.0
360	10.0
361	17.0
362	11.0
363	12.0
364	19.0
365	15.0
366	12.0
367	23.0
368	12.0
369	12.0
370	14.0
371	13.0
372	13.0
373	12.0
374	20.0
375	16.0
376	15.0
377	12.0
378	13.0
379	12.0
380	14.0
381	14.0
382	13.0
383	23.0
384	13.0
385	15.0
386	10.0
387	19.0
388	14.0
389	11.0
390	14.0
391	21.0
392	18.0
393	24.0
394	13.0
395	19.0
396	15.0
397	16.0
398	19.0
399	18.0
400	11.0
401	14.0
402	13.0
403	18.0
404	14.0
405	16.0
406	13.0
407	15.0
408	18.0
409	9.0
410	12.0
411	21.0
412	14.0
413	14.0
414	13.0
415	14.0
416	11.0
417	15.0
418	17.0
419	16.0
420	11.0
421	24.0
422	15.0
423	12.0
424	18.0
425	15.0
426	17.0
427	15.0
428	11.0
429	23.0
430	24.0
431	13.0
432	18.0
433	13.0
434	15.0
435	8.0
436	18.0
437	18.0
438	12.0
439	15.0
440	13.0
441	16.0
442	12.0
443	8.0
444	22.0
445	18.0
446	15.0
447	14.0
448	22.0
449	14.0
450	6.0
451	11.0
452	20.0
453	16.0
454	13.0
455	14.0
456	15.0
457	10.0
458	14.0
459	6.0
460	8.0
461	11.0
462	17.0
463	10.0
464	16.0
465	23.0
466	14.0
467	16.0
468	16.0
469	12.0
470	10.0
471	14.0
472	16.0
473	13.0
474	12.0
475	14.0
476	9.0
477	8.0
478	16.0
479	10.0
480	11.0
481	13.0
482	15.0
483	9.0
484	21.0
485	14.0
486	14.0
487	18.0
488	18.0
489	9.0
490	14.0
491	14.0
492	10.0
493	17.0
494	11.0
495	16.0
496	12.0
497	15.0
498	22.0
499	12.0
500	21.0
501	9.0
502	18.0
503	14.0
504	18.0
505	13.0
506	14.0
507	13.0
508	14.0
509	17.0
510	16.0
511	7.0
512	16.0
513	11.0
514	21.0
515	11.0
516	14.0
517	17.0
518	19.0
519	22.0
520	14.0
521	14.0
522	13.0
523	11.0
524	17.0
525	15.0
526	12.0
527	7.0
528	11.0
529	4.0
530	15.0
531	13.0
532	17.0
533	10.0
534	12.0
535	13.0
536	11.0
537	14.0
538	17.0
539	7.0
540	15.0
541	18.0
542	11.0
543	14.0
544	12.0
545	15.0
546	13.0
547	15.0
548	12.0
549	7.0
550	8.0
551	11.0
552	9.0
553	13.0
554	7.0
555	5.0
556	11.0
557	13.0
558	11.0
559	14.0
560	15.0
561	9.0
562	13.0
563	13.0
564	11.0
565	10.0
566	7.0
567	10.0
568	9.0
569	10.0
570	14.0
571	13.0
572	10.0
573	4.0
574	13.0
575	13.0
576	14.0
577	7.0
578	12.0
579	7.0
580	16.0
581	13.0
582	8.0
583	9.0
584	7.0
585	11.0
586	11.0
587	13.0
588	10.0
589	9.0
590	15.0
591	9.0
592	7.0
593	12.0
594	11.0
595	9.0
596	10.0
597	3.0
598	12.0
599	12.0
600	16.0
601	13.0
602	9.0
603	12.0
604	10.0
605	15.0
606	19.0
607	12.0
608	10.0
609	6.0
610	11.0
611	9.0
612	10.0
613	12.0
614	8.0
615	14.0
616	16.0
617	11.0
618	7.0
619	6.0
620	12.0
621	8.0
622	11.0
623	8.0
624	13.0
625	5.0
626	10.0
627	5.0
628	15.0
629	9.0
630	12.0
631	13.0
632	15.0
633	7.0
634	11.0
635	9.0
636	9.0
637	10.0
638	14.0
639	7.0
640	9.0
641	22.0
642	12.0
643	12.0
644	15.0
645	11.0
646	8.0
647	19.0
648	13.0
649	17.0
650	7.0
651	12.0
652	11.0
653	15.0
654	11.0
655	8.0
656	10.0
657	17.0
658	13.0
659	23.0
660	12.0
661	15.0
662	13.0
663	15.0
664	18.0
665	9.0
666	17.0
667	12.0
668	18.0
669	13.0
670	13.0
671	9.0
672	26.0
673	9.0
674	9.0
675	19.0
676	20.0
677	7.0
678	18.0
679	15.0
680	18.0
681	18.0
682	22.0
683	15.0
684	14.0
685	12.0
686	19.0
687	23.0
688	13.0
689	13.0
690	24.0
691	12.0
692	16.0
693	11.0
694	10.0
695	20.0
696	15.0
697	17.0
698	17.0
699	16.0
700	13.0
701	13.0
702	26.0
703	19.0
704	26.0
705	20.0
706	20.0
707	22.0
708	24.0
709	16.0
710	25.0
711	23.0
712	28.0
713	19.0
714	27.0
715	23.0
716	23.0
717	22.0
718	23.0
719	12.0
720	19.0
721	19.0
722	19.0
723	33.0
724	33.0
725	43.0
726	24.0
727	16.0
728	23.0
729	23.0
730	30.0
731	19.0
732	29.0
733	33.0
734	26.0
735	26.0
736	23.0
737	28.0
738	27.0
739	40.0
740	25.0
741	21.0
742	35.0
743	17.0
744	29.0
745	29.0
746	31.0
747	26.0
748	34.0
749	18.0
750	32.0
751	27.0
752	34.0
753	24.0
754	32.0
755	23.0
756	31.0
757	21.0
758	33.0
759	40.0
760	23.0
761	37.0
762	38.0
763	34.0
764	30.0
765	25.0
766	20.0
767	33.0
768	32.0
769	27.0
770	22.0
771	30.0
772	27.0
773	25.0
774	30.0
775	29.0
776	29.0
777	22.0
778	28.0
779	39.0
780	31.0
781	20.0
782	26.0
783	31.0
784	30.0
785	34.0
786	32.0
787	23.0
788	31.0
789	26.0
790	22.0
791	23.0
792	25.0
793	33.0
794	17.0
795	30.0
796	31.0
797	24.0
798	20.0
799	31.0
800	21.0
801	21.0
802	22.0
803	23.0
804	22.0
805	26.0
806	22.0
807	23.0
808	21.0
809	19.0
810	22.0
811	29.0
812	17.0
813	10.0
814	21.0
815	19.0
816	18.0
817	29.0
818	22.0
819	20.0
820	12.0
821	19.0
822	18.0
823	13.0
824	15.0
825	20.0
826	24.0
827	12.0
828	22.0
829	17.0
830	21.0
831	15.0
832	11.0
833	15.0
834	17.0
835	18.0
836	15.0
837	20.0
838	17.0
839	8.0
840	9.0
841	19.0
842	16.0
843	8.0
844	13.0
845	14.0
846	16.0
847	18.0
848	11.0
849	10.0
850	14.0
851	12.0
852	15.0
853	17.0
854	6.0
855	12.0
856	15.0
857	17.0
858	9.0
859	8.0
860	13.0
861	8.0
862	9.0
863	10.0
864	12.0
865	16.0
866	13.0
867	12.0
868	15.0
869	10.0
870	14.0
871	12.0
872	12.0
873	10.0
874	12.0
875	16.0
876	15.0
877	9.0
878	10.0
879	4.0
880	8.0
881	9.0
882	8.0
883	9.0
884	9.0
885	10.0
886	5.0
887	9.0
888	8.0
889	9.0
890	9.0
891	7.0
892	6.0
893	7.0
894	11.0
895	4.0
896	10.0
897	6.0
898	7.0
899	6.0
900	5.0
901	6.0
902	1.0
903	9.0
904	3.0
905	6.0
906	7.0
907	5.0
908	9.0
909	6.0
910	5.0
911	2.0
912	2.0
913	5.0
914	4.0
915	4.0
916	8.0
917	2.0
918	3.0
919	3.0
920	5.0
921	2.0
922	9.0
923	6.0
924	3.0
925	6.0
926	4.0
927	3.0
928	6.0
929	3.0
930	7.0
931	5.0
932	6.0
933	7.0
934	4.0
935	4.0
936	1.0
937	5.0
938	6.0
939	2.0
940	1.0
941	4.0
942	3.0
943	2.0
944	4.0
945	4.0
946	4.0
947	6.0
948	4.0
949	5.0
950	3.0
951	5.0
952	6.0
953	4.0
954	2.0
955	2.0
956	4.0
957	2.0
958	4.0
959	4.0
960	5.0
961	3.0
962	7.0
963	0.0
964	1.0
965	1.0
966	4.0
967	2.0
968	0.0
969	2.0
970	3.0
971	2.0
972	4.0
973	4.0
974	2.0
975	6.0
976	6.0
977	3.0
978	3.0
979	4.0
980	5.0
981	1.0
982	3.0
983	0.0
984	2.0
985	1.0
986	4.0
987	2.0
988	3.0
989	6.0
990	2.0
991	3.0
992	6.0
993	3.0
994	1.0
995	5.0
996	3.0
997	4.0
998	4.0
999	2.0
1000	3.0
1001	4.0
1002	6.0
1003	3.0
1004	4.0
1005	7.0
1006	4.0
1007	4.0
1008	2.0
1009	0.0
1010	0.0
1011	0.0
1012	0.0
1013	0.0
1014	0.0
1015	0.0
1016	0.0
1017	0.0
1018	0.0
1019	0.0
1020	0.0
1021	0.0
1022	0.0
1023	0.0
1024	0.0
