Channel No.	Counts
1	0.0
2	1.0
3	184510.0
4	5042886.0
5	4935209.0
6	7481933.0
7	10763403.0
8	10090539.0
9	3994182.0
10	1169076.0
11	623725.0
12	438991.0
13	352198.0
14	269142.0
15	166825.0
16	85796.0
17	42070.0
18	22510.0
19	15287.0
20	11427.0
21	8972.0
22	6798.0
23	5078.0
24	3601.0
25	2623.0
26	1644.0
27	1037.0
28	612.0
29	295.0
30	142.0
31	51.0
32	21.0
33	14.0
34	9.0
35	15.0
36	11.0
37	9.0
38	4.0
39	8.0
40	12.0
41	15.0
42	9.0
43	6.0
44	14.0
45	10.0
46	12.0
47	11.0
48	18.0
49	8.0
50	11.0
51	10.0
52	11.0
53	6.0
54	10.0
55	8.0
56	12.0
57	9.0
58	15.0
59	10.0
60	9.0
61	11.0
62	16.0
63	14.0
64	10.0
65	13.0
66	21.0
67	12.0
68	8.0
69	11.0
70	14.0
71	10.0
72	14.0
73	15.0
74	12.0
75	16.0
76	6.0
77	15.0
78	11.0
79	22.0
80	15.0
81	7.0
82	13.0
83	7.0
84	7.0
85	14.0
86	11.0
87	9.0
88	11.0
89	16.0
90	9.0
91	17.0
92	12.0
93	11.0
94	21.0
95	13.0
96	14.0
97	9.0
98	14.0
99	15.0
100	21.0
101	18.0
102	8.0
103	21.0
104	14.0
105	11.0
106	25.0
107	26.0
108	15.0
109	13.0
110	21.0
111	18.0
112	21.0
113	18.0
114	33.0
115	21.0
116	21.0
117	18.0
118	14.0
119	24.0
120	18.0
121	17.0
122	23.0
123	14.0
124	19.0
125	17.0
126	17.0
127	20.0
128	22.0
129	15.0
130	16.0
131	18.0
132	12.0
133	19.0
134	16.0
135	18.0
136	11.0
137	17.0
138	16.0
139	17.0
140	12.0
141	10.0
142	11.0
143	19.0
144	12.0
145	19.0
146	17.0
147	17.0
148	17.0
149	15.0
150	19.0
151	9.0
152	15.0
153	19.0
154	13.0
155	12.0
156	24.0
157	15.0
158	17.0
159	9.0
160	11.0
161	20.0
162	15.0
163	11.0
164	10.0
165	27.0
166	8.0
167	12.0
168	14.0
169	25.0
170	12.0
171	16.0
172	13.0
173	9.0
174	13.0
175	22.0
176	11.0
177	16.0
178	17.0
179	18.0
180	12.0
181	18.0
182	15.0
183	23.0
184	16.0
185	11.0
186	17.0
187	23.0
188	13.0
189	18.0
190	21.0
191	15.0
192	14.0
193	23.0
194	20.0
195	24.0
196	15.0
197	17.0
198	20.0
199	21.0
200	15.0
201	18.0
202	24.0
203	13.0
204	11.0
205	14.0
206	28.0
207	18.0
208	18.0
209	18.0
210	16.0
211	18.0
212	15.0
213	17.0
214	17.0
215	18.0
216	14.0
217	12.0
218	19.0
219	18.0
220	22.0
221	21.0
222	16.0
223	15.0
224	16.0
225	11.0
226	16.0
227	13.0
228	14.0
229	12.0
230	7.0
231	21.0
232	17.0
233	16.0
234	24.0
235	12.0
236	25.0
237	23.0
238	12.0
239	12.0
240	13.0
241	14.0
242	11.0
243	13.0
244	19.0
245	12.0
246	16.0
247	20.0
248	14.0
249	16.0
250	20.0
251	18.0
252	19.0
253	24.0
254	13.0
255	26.0
256	18.0
257	11.0
258	17.0
259	18.0
260	21.0
261	15.0
262	14.0
263	20.0
264	12.0
265	17.0
266	19.0
267	17.0
268	12.0
269	16.0
270	16.0
271	12.0
272	17.0
273	12.0
274	19.0
275	16.0
276	21.0
277	17.0
278	11.0
279	15.0
280	18.0
281	13.0
282	15.0
283	10.0
284	18.0
285	10.0
286	15.0
287	19.0
288	16.0
289	14.0
290	13.0
291	16.0
292	20.0
293	16.0
294	18.0
295	13.0
296	16.0
297	15.0
298	14.0
299	11.0
300	21.0
301	12.0
302	12.0
303	12.0
304	17.0
305	10.0
306	12.0
307	16.0
308	15.0
309	13.0
310	9.0
311	17.0
312	15.0
313	4.0
314	13.0
315	8.0
316	11.0
317	19.0
318	17.0
319	14.0
320	20.0
321	15.0
322	11.0
323	10.0
324	7.0
325	11.0
326	10.0
327	18.0
328	14.0
329	16.0
330	20.0
331	14.0
332	10.0
333	8.0
334	10.0
335	17.0
336	14.0
337	17.0
338	20.0
339	11.0
340	17.0
341	14.0
342	14.0
343	12.0
344	17.0
345	11.0
346	14.0
347	9.0
348	18.0
349	20.0
350	14.0
351	13.0
352	6.0
353	11.0
354	11.0
355	19.0
356	9.0
357	14.0
358	14.0
359	14.0
360	12.0
361	7.0
362	15.0
363	10.0
364	8.0
365	16.0
366	11.0
367	18.0
368	11.0
369	17.0
370	8.0
371	10.0
372	9.0
373	19.0
374	16.0
375	14.0
376	13.0
377	9.0
378	9.0
379	14.0
380	14.0
381	11.0
382	15.0
383	20.0
384	17.0
385	11.0
386	14.0
387	10.0
388	6.0
389	10.0
390	10.0
391	9.0
392	12.0
393	15.0
394	16.0
395	9.0
396	8.0
397	11.0
398	15.0
399	17.0
400	13.0
401	11.0
402	17.0
403	14.0
404	11.0
405	12.0
406	15.0
407	10.0
408	16.0
409	14.0
410	8.0
411	11.0
412	11.0
413	12.0
414	6.0
415	10.0
416	17.0
417	7.0
418	9.0
419	14.0
420	8.0
421	11.0
422	10.0
423	10.0
424	18.0
425	13.0
426	2.0
427	18.0
428	13.0
429	16.0
430	15.0
431	12.0
432	9.0
433	17.0
434	17.0
435	10.0
436	10.0
437	8.0
438	7.0
439	15.0
440	8.0
441	9.0
442	15.0
443	10.0
444	7.0
445	10.0
446	14.0
447	6.0
448	18.0
449	7.0
450	8.0
451	15.0
452	8.0
453	14.0
454	12.0
455	12.0
456	14.0
457	10.0
458	14.0
459	11.0
460	9.0
461	13.0
462	5.0
463	13.0
464	14.0
465	14.0
466	8.0
467	16.0
468	7.0
469	8.0
470	5.0
471	10.0
472	13.0
473	6.0
474	12.0
475	9.0
476	15.0
477	9.0
478	10.0
479	7.0
480	7.0
481	14.0
482	7.0
483	8.0
484	9.0
485	15.0
486	11.0
487	7.0
488	7.0
489	7.0
490	10.0
491	12.0
492	11.0
493	14.0
494	9.0
495	9.0
496	6.0
497	8.0
498	9.0
499	10.0
500	15.0
501	10.0
502	9.0
503	8.0
504	10.0
505	11.0
506	8.0
507	5.0
508	8.0
509	10.0
510	8.0
511	9.0
512	9.0
513	9.0
514	4.0
515	10.0
516	6.0
517	12.0
518	14.0
519	11.0
520	9.0
521	14.0
522	13.0
523	7.0
524	10.0
525	9.0
526	10.0
527	7.0
528	9.0
529	7.0
530	7.0
531	7.0
532	13.0
533	10.0
534	14.0
535	18.0
536	9.0
537	11.0
538	8.0
539	8.0
540	12.0
541	6.0
542	18.0
543	7.0
544	10.0
545	4.0
546	14.0
547	12.0
548	8.0
549	4.0
550	6.0
551	10.0
552	15.0
553	6.0
554	9.0
555	4.0
556	3.0
557	6.0
558	4.0
559	8.0
560	9.0
561	7.0
562	9.0
563	7.0
564	13.0
565	4.0
566	8.0
567	12.0
568	18.0
569	11.0
570	6.0
571	11.0
572	8.0
573	10.0
574	6.0
575	12.0
576	9.0
577	12.0
578	5.0
579	9.0
580	7.0
581	3.0
582	6.0
583	15.0
584	10.0
585	7.0
586	14.0
587	20.0
588	5.0
589	10.0
590	10.0
591	17.0
592	15.0
593	14.0
594	12.0
595	13.0
596	7.0
597	7.0
598	7.0
599	9.0
600	12.0
601	12.0
602	13.0
603	16.0
604	8.0
605	10.0
606	16.0
607	6.0
608	18.0
609	10.0
610	12.0
611	13.0
612	5.0
613	17.0
614	13.0
615	19.0
616	15.0
617	15.0
618	14.0
619	13.0
620	15.0
621	11.0
622	8.0
623	17.0
624	15.0
625	19.0
626	10.0
627	11.0
628	6.0
629	13.0
630	10.0
631	11.0
632	12.0
633	12.0
634	11.0
635	14.0
636	15.0
637	18.0
638	24.0
639	22.0
640	9.0
641	15.0
642	18.0
643	22.0
644	10.0
645	17.0
646	17.0
647	19.0
648	12.0
649	15.0
650	18.0
651	20.0
652	15.0
653	23.0
654	17.0
655	23.0
656	20.0
657	10.0
658	18.0
659	17.0
660	14.0
661	19.0
662	25.0
663	16.0
664	18.0
665	25.0
666	23.0
667	27.0
668	29.0
669	12.0
670	27.0
671	20.0
672	18.0
673	27.0
674	18.0
675	15.0
676	24.0
677	36.0
678	18.0
679	21.0
680	14.0
681	26.0
682	25.0
683	27.0
684	28.0
685	18.0
686	20.0
687	22.0
688	22.0
689	17.0
690	33.0
691	22.0
692	25.0
693	34.0
694	23.0
695	24.0
696	26.0
697	22.0
698	16.0
699	20.0
700	23.0
701	14.0
702	20.0
703	22.0
704	25.0
705	21.0
706	27.0
707	19.0
708	21.0
709	11.0
710	22.0
711	30.0
712	32.0
713	12.0
714	23.0
715	19.0
716	11.0
717	22.0
718	16.0
719	25.0
720	18.0
721	15.0
722	15.0
723	19.0
724	7.0
725	15.0
726	11.0
727	24.0
728	10.0
729	18.0
730	13.0
731	15.0
732	17.0
733	11.0
734	17.0
735	14.0
736	11.0
737	20.0
738	14.0
739	24.0
740	6.0
741	14.0
742	19.0
743	18.0
744	11.0
745	7.0
746	15.0
747	12.0
748	12.0
749	21.0
750	5.0
751	9.0
752	8.0
753	9.0
754	14.0
755	5.0
756	12.0
757	13.0
758	11.0
759	9.0
760	10.0
761	10.0
762	13.0
763	13.0
764	12.0
765	13.0
766	5.0
767	12.0
768	13.0
769	13.0
770	9.0
771	12.0
772	10.0
773	13.0
774	10.0
775	13.0
776	13.0
777	13.0
778	20.0
779	11.0
780	6.0
781	7.0
782	10.0
783	10.0
784	8.0
785	5.0
786	12.0
787	3.0
788	7.0
789	9.0
790	5.0
791	5.0
792	6.0
793	5.0
794	14.0
795	12.0
796	7.0
797	13.0
798	10.0
799	9.0
800	11.0
801	12.0
802	9.0
803	13.0
804	9.0
805	5.0
806	9.0
807	6.0
808	12.0
809	10.0
810	4.0
811	14.0
812	10.0
813	10.0
814	5.0
815	9.0
816	6.0
817	5.0
818	9.0
819	8.0
820	6.0
821	9.0
822	6.0
823	12.0
824	8.0
825	3.0
826	7.0
827	7.0
828	10.0
829	9.0
830	6.0
831	4.0
832	5.0
833	3.0
834	9.0
835	7.0
836	10.0
837	7.0
838	8.0
839	4.0
840	1.0
841	7.0
842	6.0
843	13.0
844	11.0
845	7.0
846	5.0
847	9.0
848	5.0
849	4.0
850	2.0
851	6.0
852	9.0
853	8.0
854	7.0
855	7.0
856	6.0
857	6.0
858	5.0
859	2.0
860	6.0
861	9.0
862	4.0
863	7.0
864	2.0
865	7.0
866	7.0
867	3.0
868	10.0
869	4.0
870	5.0
871	4.0
872	8.0
873	3.0
874	5.0
875	5.0
876	10.0
877	5.0
878	3.0
879	5.0
880	5.0
881	7.0
882	3.0
883	3.0
884	4.0
885	3.0
886	4.0
887	2.0
888	5.0
889	10.0
890	3.0
891	8.0
892	6.0
893	4.0
894	4.0
895	5.0
896	5.0
897	8.0
898	3.0
899	7.0
900	9.0
901	0.0
902	4.0
903	3.0
904	5.0
905	3.0
906	7.0
907	5.0
908	3.0
909	1.0
910	5.0
911	3.0
912	1.0
913	4.0
914	2.0
915	3.0
916	2.0
917	3.0
918	1.0
919	1.0
920	3.0
921	6.0
922	2.0
923	6.0
924	4.0
925	1.0
926	5.0
927	1.0
928	3.0
929	3.0
930	8.0
931	4.0
932	2.0
933	2.0
934	5.0
935	3.0
936	5.0
937	0.0
938	3.0
939	7.0
940	1.0
941	1.0
942	6.0
943	4.0
944	1.0
945	5.0
946	4.0
947	5.0
948	8.0
949	4.0
950	2.0
951	2.0
952	2.0
953	3.0
954	1.0
955	3.0
956	1.0
957	4.0
958	1.0
959	1.0
960	7.0
961	2.0
962	4.0
963	0.0
964	1.0
965	9.0
966	2.0
967	1.0
968	4.0
969	5.0
970	3.0
971	7.0
972	5.0
973	5.0
974	4.0
975	5.0
976	1.0
977	5.0
978	1.0
979	3.0
980	5.0
981	3.0
982	2.0
983	4.0
984	2.0
985	2.0
986	4.0
987	7.0
988	1.0
989	3.0
990	2.0
991	3.0
992	5.0
993	2.0
994	1.0
995	2.0
996	3.0
997	3.0
998	3.0
999	1.0
1000	1.0
1001	2.0
1002	1.0
1003	4.0
1004	4.0
1005	2.0
1006	0.0
1007	5.0
1008	3.0
1009	0.0
1010	0.0
1011	0.0
1012	0.0
1013	0.0
1014	0.0
1015	0.0
1016	0.0
1017	0.0
1018	0.0
1019	0.0
1020	0.0
1021	0.0
1022	0.0
1023	0.0
1024	0.0
