Channel No.	Counts
1	0.0
2	1.0
3	434093.0
4	9426884.0
5	11322513.0
6	10783763.0
7	3651858.0
8	1828723.0
9	1123309.0
10	476616.0
11	104009.0
12	31689.0
13	14585.0
14	9282.0
15	6680.0
16	4496.0
17	2987.0
18	1652.0
19	728.0
20	317.0
21	98.0
22	19.0
23	12.0
24	7.0
25	8.0
26	5.0
27	3.0
28	4.0
29	8.0
30	7.0
31	8.0
32	6.0
33	8.0
34	8.0
35	5.0
36	5.0
37	3.0
38	7.0
39	4.0
40	13.0
41	4.0
42	6.0
43	6.0
44	2.0
45	5.0
46	6.0
47	10.0
48	3.0
49	7.0
50	5.0
51	5.0
52	7.0
53	4.0
54	7.0
55	4.0
56	6.0
57	3.0
58	7.0
59	6.0
60	6.0
61	11.0
62	8.0
63	6.0
64	1.0
65	9.0
66	4.0
67	8.0
68	5.0
69	9.0
70	2.0
71	6.0
72	5.0
73	7.0
74	8.0
75	5.0
76	7.0
77	8.0
78	7.0
79	6.0
80	4.0
81	6.0
82	7.0
83	5.0
84	8.0
85	6.0
86	3.0
87	11.0
88	7.0
89	12.0
90	6.0
91	7.0
92	9.0
93	6.0
94	4.0
95	13.0
96	6.0
97	11.0
98	6.0
99	13.0
100	11.0
101	12.0
102	15.0
103	15.0
104	12.0
105	11.0
106	7.0
107	8.0
108	15.0
109	6.0
110	12.0
111	9.0
112	10.0
113	6.0
114	10.0
115	10.0
116	10.0
117	15.0
118	13.0
119	13.0
120	12.0
121	7.0
122	18.0
123	13.0
124	8.0
125	7.0
126	4.0
127	6.0
128	10.0
129	8.0
130	10.0
131	11.0
132	8.0
133	12.0
134	8.0
135	6.0
136	14.0
137	9.0
138	8.0
139	8.0
140	8.0
141	6.0
142	7.0
143	10.0
144	6.0
145	9.0
146	7.0
147	8.0
148	13.0
149	13.0
150	10.0
151	13.0
152	9.0
153	8.0
154	9.0
155	2.0
156	5.0
157	5.0
158	11.0
159	6.0
160	5.0
161	6.0
162	8.0
163	6.0
164	5.0
165	8.0
166	14.0
167	8.0
168	6.0
169	18.0
170	9.0
171	9.0
172	6.0
173	7.0
174	9.0
175	9.0
176	14.0
177	10.0
178	9.0
179	8.0
180	6.0
181	9.0
182	8.0
183	8.0
184	7.0
185	9.0
186	9.0
187	6.0
188	11.0
189	5.0
190	4.0
191	8.0
192	6.0
193	10.0
194	10.0
195	6.0
196	7.0
197	7.0
198	5.0
199	7.0
200	11.0
201	7.0
202	11.0
203	8.0
204	7.0
205	13.0
206	7.0
207	5.0
208	5.0
209	8.0
210	8.0
211	9.0
212	7.0
213	4.0
214	6.0
215	8.0
216	13.0
217	4.0
218	13.0
219	3.0
220	9.0
221	7.0
222	10.0
223	8.0
224	7.0
225	8.0
226	7.0
227	9.0
228	9.0
229	7.0
230	11.0
231	15.0
232	5.0
233	8.0
234	6.0
235	7.0
236	8.0
237	6.0
238	6.0
239	13.0
240	6.0
241	6.0
242	8.0
243	15.0
244	8.0
245	12.0
246	10.0
247	7.0
248	7.0
249	7.0
250	10.0
251	8.0
252	10.0
253	3.0
254	3.0
255	3.0
256	11.0
257	11.0
258	7.0
259	2.0
260	3.0
261	9.0
262	4.0
263	11.0
264	11.0
265	7.0
266	7.0
267	7.0
268	6.0
269	6.0
270	10.0
271	5.0
272	10.0
273	8.0
274	4.0
275	8.0
276	6.0
277	10.0
278	5.0
279	12.0
280	4.0
281	6.0
282	11.0
283	11.0
284	5.0
285	7.0
286	7.0
287	7.0
288	4.0
289	5.0
290	8.0
291	6.0
292	6.0
293	6.0
294	6.0
295	8.0
296	10.0
297	14.0
298	9.0
299	6.0
300	13.0
301	11.0
302	9.0
303	9.0
304	7.0
305	3.0
306	8.0
307	8.0
308	8.0
309	13.0
310	6.0
311	7.0
312	8.0
313	6.0
314	10.0
315	5.0
316	6.0
317	8.0
318	4.0
319	5.0
320	9.0
321	7.0
322	7.0
323	5.0
324	6.0
325	6.0
326	8.0
327	8.0
328	6.0
329	7.0
330	3.0
331	4.0
332	7.0
333	4.0
334	5.0
335	5.0
336	7.0
337	7.0
338	7.0
339	11.0
340	12.0
341	10.0
342	8.0
343	7.0
344	7.0
345	6.0
346	7.0
347	6.0
348	5.0
349	10.0
350	4.0
351	8.0
352	7.0
353	7.0
354	7.0
355	9.0
356	8.0
357	4.0
358	5.0
359	6.0
360	8.0
361	8.0
362	5.0
363	8.0
364	9.0
365	7.0
366	6.0
367	4.0
368	5.0
369	4.0
370	7.0
371	7.0
372	2.0
373	6.0
374	4.0
375	4.0
376	2.0
377	9.0
378	5.0
379	4.0
380	9.0
381	7.0
382	4.0
383	3.0
384	8.0
385	10.0
386	8.0
387	6.0
388	5.0
389	7.0
390	9.0
391	8.0
392	4.0
393	4.0
394	8.0
395	5.0
396	8.0
397	6.0
398	3.0
399	14.0
400	9.0
401	8.0
402	4.0
403	3.0
404	6.0
405	4.0
406	5.0
407	3.0
408	8.0
409	6.0
410	6.0
411	3.0
412	7.0
413	8.0
414	3.0
415	10.0
416	10.0
417	2.0
418	4.0
419	5.0
420	8.0
421	5.0
422	6.0
423	8.0
424	4.0
425	7.0
426	6.0
427	6.0
428	13.0
429	7.0
430	3.0
431	7.0
432	3.0
433	10.0
434	8.0
435	4.0
436	10.0
437	2.0
438	3.0
439	8.0
440	5.0
441	1.0
442	5.0
443	7.0
444	4.0
445	1.0
446	9.0
447	5.0
448	6.0
449	6.0
450	7.0
451	7.0
452	3.0
453	7.0
454	1.0
455	6.0
456	6.0
457	9.0
458	5.0
459	7.0
460	4.0
461	3.0
462	4.0
463	6.0
464	5.0
465	4.0
466	5.0
467	3.0
468	13.0
469	5.0
470	5.0
471	7.0
472	2.0
473	1.0
474	4.0
475	6.0
476	7.0
477	6.0
478	6.0
479	3.0
480	0.0
481	3.0
482	4.0
483	7.0
484	5.0
485	5.0
486	6.0
487	3.0
488	3.0
489	3.0
490	11.0
491	3.0
492	8.0
493	9.0
494	4.0
495	4.0
496	7.0
497	5.0
498	6.0
499	5.0
500	4.0
501	6.0
502	5.0
503	4.0
504	5.0
505	6.0
506	6.0
507	2.0
508	4.0
509	5.0
510	6.0
511	7.0
512	6.0
513	4.0
514	2.0
515	2.0
516	8.0
517	3.0
518	5.0
519	4.0
520	4.0
521	2.0
522	8.0
523	6.0
524	6.0
525	6.0
526	5.0
527	5.0
528	5.0
529	3.0
530	4.0
531	4.0
532	5.0
533	7.0
534	2.0
535	4.0
536	2.0
537	7.0
538	2.0
539	5.0
540	3.0
541	5.0
542	5.0
543	6.0
544	9.0
545	3.0
546	5.0
547	3.0
548	3.0
549	4.0
550	6.0
551	3.0
552	4.0
553	4.0
554	5.0
555	3.0
556	2.0
557	9.0
558	5.0
559	2.0
560	7.0
561	2.0
562	2.0
563	3.0
564	3.0
565	3.0
566	6.0
567	5.0
568	2.0
569	9.0
570	7.0
571	6.0
572	5.0
573	4.0
574	1.0
575	5.0
576	4.0
577	3.0
578	4.0
579	4.0
580	1.0
581	4.0
582	5.0
583	4.0
584	2.0
585	2.0
586	4.0
587	7.0
588	5.0
589	3.0
590	1.0
591	4.0
592	5.0
593	3.0
594	4.0
595	2.0
596	6.0
597	5.0
598	0.0
599	5.0
600	4.0
601	3.0
602	6.0
603	2.0
604	7.0
605	7.0
606	3.0
607	1.0
608	6.0
609	5.0
610	6.0
611	4.0
612	3.0
613	7.0
614	5.0
615	5.0
616	2.0
617	1.0
618	2.0
619	5.0
620	4.0
621	3.0
622	7.0
623	3.0
624	3.0
625	5.0
626	7.0
627	8.0
628	2.0
629	7.0
630	5.0
631	5.0
632	4.0
633	2.0
634	2.0
635	2.0
636	2.0
637	4.0
638	6.0
639	2.0
640	3.0
641	3.0
642	3.0
643	3.0
644	2.0
645	5.0
646	4.0
647	2.0
648	3.0
649	4.0
650	4.0
651	6.0
652	4.0
653	2.0
654	5.0
655	2.0
656	5.0
657	5.0
658	6.0
659	8.0
660	6.0
661	4.0
662	6.0
663	4.0
664	8.0
665	5.0
666	4.0
667	4.0
668	2.0
669	2.0
670	5.0
671	2.0
672	5.0
673	3.0
674	6.0
675	5.0
676	4.0
677	8.0
678	6.0
679	3.0
680	6.0
681	6.0
682	3.0
683	8.0
684	7.0
685	2.0
686	4.0
687	9.0
688	2.0
689	5.0
690	6.0
691	6.0
692	5.0
693	8.0
694	3.0
695	4.0
696	6.0
697	3.0
698	6.0
699	5.0
700	2.0
701	4.0
702	8.0
703	3.0
704	6.0
705	3.0
706	7.0
707	7.0
708	4.0
709	5.0
710	5.0
711	9.0
712	5.0
713	2.0
714	3.0
715	4.0
716	5.0
717	6.0
718	6.0
719	3.0
720	6.0
721	6.0
722	4.0
723	3.0
724	5.0
725	1.0
726	7.0
727	5.0
728	6.0
729	3.0
730	5.0
731	5.0
732	7.0
733	4.0
734	3.0
735	3.0
736	4.0
737	2.0
738	1.0
739	7.0
740	6.0
741	2.0
742	3.0
743	5.0
744	2.0
745	4.0
746	1.0
747	3.0
748	2.0
749	5.0
750	4.0
751	6.0
752	3.0
753	4.0
754	2.0
755	2.0
756	3.0
757	3.0
758	3.0
759	6.0
760	5.0
761	2.0
762	2.0
763	3.0
764	7.0
765	2.0
766	10.0
767	2.0
768	1.0
769	1.0
770	8.0
771	2.0
772	4.0
773	4.0
774	6.0
775	4.0
776	7.0
777	8.0
778	3.0
779	10.0
780	3.0
781	2.0
782	4.0
783	2.0
784	2.0
785	5.0
786	7.0
787	4.0
788	3.0
789	2.0
790	3.0
791	3.0
792	6.0
793	3.0
794	3.0
795	3.0
796	9.0
797	3.0
798	7.0
799	4.0
800	1.0
801	2.0
802	2.0
803	4.0
804	2.0
805	1.0
806	2.0
807	2.0
808	6.0
809	5.0
810	4.0
811	5.0
812	5.0
813	2.0
814	1.0
815	3.0
816	4.0
817	0.0
818	2.0
819	4.0
820	3.0
821	2.0
822	2.0
823	2.0
824	2.0
825	2.0
826	4.0
827	2.0
828	2.0
829	2.0
830	5.0
831	2.0
832	3.0
833	4.0
834	7.0
835	5.0
836	3.0
837	5.0
838	6.0
839	3.0
840	3.0
841	5.0
842	2.0
843	5.0
844	1.0
845	3.0
846	2.0
847	1.0
848	6.0
849	7.0
850	2.0
851	4.0
852	6.0
853	7.0
854	8.0
855	4.0
856	8.0
857	0.0
858	2.0
859	1.0
860	4.0
861	2.0
862	3.0
863	1.0
864	3.0
865	4.0
866	3.0
867	3.0
868	4.0
869	4.0
870	4.0
871	4.0
872	4.0
873	3.0
874	1.0
875	1.0
876	3.0
877	5.0
878	5.0
879	3.0
880	5.0
881	1.0
882	3.0
883	0.0
884	1.0
885	7.0
886	3.0
887	4.0
888	1.0
889	3.0
890	5.0
891	4.0
892	3.0
893	3.0
894	4.0
895	2.0
896	3.0
897	6.0
898	2.0
899	3.0
900	4.0
901	1.0
902	3.0
903	4.0
904	1.0
905	1.0
906	3.0
907	2.0
908	5.0
909	3.0
910	2.0
911	4.0
912	3.0
913	1.0
914	3.0
915	6.0
916	4.0
917	4.0
918	4.0
919	1.0
920	5.0
921	3.0
922	5.0
923	7.0
924	0.0
925	3.0
926	1.0
927	2.0
928	3.0
929	4.0
930	3.0
931	3.0
932	2.0
933	0.0
934	4.0
935	3.0
936	1.0
937	8.0
938	0.0
939	4.0
940	1.0
941	2.0
942	4.0
943	0.0
944	1.0
945	3.0
946	1.0
947	2.0
948	1.0
949	3.0
950	3.0
951	2.0
952	3.0
953	3.0
954	3.0
955	3.0
956	4.0
957	2.0
958	2.0
959	3.0
960	1.0
961	3.0
962	2.0
963	3.0
964	3.0
965	4.0
966	3.0
967	3.0
968	5.0
969	3.0
970	0.0
971	3.0
972	0.0
973	1.0
974	2.0
975	2.0
976	1.0
977	0.0
978	1.0
979	8.0
980	5.0
981	2.0
982	6.0
983	1.0
984	3.0
985	1.0
986	2.0
987	3.0
988	1.0
989	2.0
990	3.0
991	1.0
992	4.0
993	3.0
994	2.0
995	2.0
996	3.0
997	2.0
998	4.0
999	0.0
1000	4.0
1001	1.0
1002	2.0
1003	6.0
1004	2.0
1005	4.0
1006	0.0
1007	2.0
1008	2.0
1009	0.0
1010	0.0
1011	0.0
1012	0.0
1013	0.0
1014	0.0
1015	0.0
1016	0.0
1017	0.0
1018	0.0
1019	0.0
1020	0.0
1021	0.0
1022	0.0
1023	0.0
1024	0.0
