Channel No.	Counts
1	0.0
2	5.0
3	913560.0
4	2781195.0
5	756507.0
6	430606.0
7	220852.0
8	92755.0
9	31061.0
10	12975.0
11	6114.0
12	2769.0
13	1032.0
14	339.0
15	157.0
16	64.0
17	33.0
18	12.0
19	10.0
20	9.0
21	5.0
22	8.0
23	3.0
24	3.0
25	6.0
26	6.0
27	3.0
28	3.0
29	3.0
30	3.0
31	0.0
32	2.0
33	3.0
34	1.0
35	4.0
36	4.0
37	6.0
38	7.0
39	5.0
40	5.0
41	4.0
42	4.0
43	5.0
44	3.0
45	10.0
46	6.0
47	3.0
48	9.0
49	6.0
50	10.0
51	4.0
52	5.0
53	3.0
54	7.0
55	9.0
56	5.0
57	6.0
58	6.0
59	7.0
60	9.0
61	4.0
62	5.0
63	2.0
64	8.0
65	6.0
66	6.0
67	8.0
68	3.0
69	5.0
70	12.0
71	6.0
72	11.0
73	5.0
74	7.0
75	4.0
76	10.0
77	9.0
78	6.0
79	8.0
80	13.0
81	5.0
82	4.0
83	5.0
84	4.0
85	11.0
86	6.0
87	9.0
88	7.0
89	7.0
90	7.0
91	10.0
92	4.0
93	6.0
94	6.0
95	7.0
96	10.0
97	10.0
98	9.0
99	11.0
100	8.0
101	7.0
102	7.0
103	9.0
104	10.0
105	13.0
106	15.0
107	12.0
108	8.0
109	12.0
110	10.0
111	9.0
112	12.0
113	8.0
114	5.0
115	5.0
116	7.0
117	13.0
118	9.0
119	10.0
120	10.0
121	8.0
122	19.0
123	9.0
124	12.0
125	12.0
126	15.0
127	6.0
128	11.0
129	15.0
130	8.0
131	12.0
132	10.0
133	12.0
134	5.0
135	7.0
136	2.0
137	12.0
138	8.0
139	4.0
140	10.0
141	5.0
142	8.0
143	9.0
144	9.0
145	5.0
146	8.0
147	13.0
148	6.0
149	13.0
150	9.0
151	7.0
152	12.0
153	12.0
154	11.0
155	9.0
156	4.0
157	9.0
158	6.0
159	9.0
160	14.0
161	12.0
162	6.0
163	9.0
164	15.0
165	5.0
166	10.0
167	9.0
168	9.0
169	9.0
170	6.0
171	4.0
172	9.0
173	8.0
174	4.0
175	11.0
176	7.0
177	9.0
178	7.0
179	13.0
180	8.0
181	6.0
182	13.0
183	11.0
184	12.0
185	11.0
186	13.0
187	7.0
188	6.0
189	9.0
190	8.0
191	17.0
192	9.0
193	6.0
194	6.0
195	11.0
196	8.0
197	13.0
198	8.0
199	4.0
200	4.0
201	10.0
202	14.0
203	7.0
204	8.0
205	11.0
206	7.0
207	8.0
208	10.0
209	6.0
210	16.0
211	6.0
212	6.0
213	14.0
214	9.0
215	12.0
216	8.0
217	7.0
218	11.0
219	9.0
220	8.0
221	4.0
222	7.0
223	10.0
224	11.0
225	12.0
226	10.0
227	11.0
228	17.0
229	12.0
230	13.0
231	9.0
232	7.0
233	10.0
234	12.0
235	11.0
236	14.0
237	15.0
238	12.0
239	12.0
240	11.0
241	5.0
242	5.0
243	10.0
244	12.0
245	10.0
246	11.0
247	9.0
248	12.0
249	7.0
250	12.0
251	9.0
252	8.0
253	7.0
254	14.0
255	13.0
256	8.0
257	6.0
258	10.0
259	8.0
260	10.0
261	16.0
262	13.0
263	5.0
264	17.0
265	9.0
266	9.0
267	11.0
268	9.0
269	6.0
270	15.0
271	8.0
272	10.0
273	4.0
274	10.0
275	10.0
276	4.0
277	10.0
278	13.0
279	12.0
280	18.0
281	7.0
282	4.0
283	11.0
284	9.0
285	5.0
286	16.0
287	7.0
288	12.0
289	8.0
290	8.0
291	6.0
292	13.0
293	8.0
294	6.0
295	10.0
296	13.0
297	12.0
298	8.0
299	6.0
300	10.0
301	4.0
302	10.0
303	9.0
304	8.0
305	9.0
306	2.0
307	9.0
308	9.0
309	9.0
310	3.0
311	6.0
312	10.0
313	6.0
314	8.0
315	7.0
316	10.0
317	6.0
318	2.0
319	5.0
320	9.0
321	8.0
322	13.0
323	10.0
324	6.0
325	8.0
326	7.0
327	8.0
328	8.0
329	8.0
330	8.0
331	11.0
332	7.0
333	4.0
334	10.0
335	3.0
336	5.0
337	3.0
338	5.0
339	9.0
340	10.0
341	5.0
342	7.0
343	7.0
344	7.0
345	8.0
346	4.0
347	6.0
348	6.0
349	9.0
350	4.0
351	7.0
352	4.0
353	8.0
354	10.0
355	7.0
356	5.0
357	8.0
358	4.0
359	8.0
360	8.0
361	4.0
362	8.0
363	6.0
364	9.0
365	7.0
366	6.0
367	8.0
368	8.0
369	6.0
370	7.0
371	9.0
372	9.0
373	6.0
374	4.0
375	8.0
376	8.0
377	7.0
378	6.0
379	5.0
380	7.0
381	7.0
382	9.0
383	4.0
384	5.0
385	4.0
386	12.0
387	8.0
388	5.0
389	13.0
390	9.0
391	7.0
392	4.0
393	7.0
394	7.0
395	4.0
396	3.0
397	8.0
398	8.0
399	5.0
400	9.0
401	4.0
402	4.0
403	4.0
404	10.0
405	3.0
406	7.0
407	7.0
408	5.0
409	12.0
410	7.0
411	10.0
412	8.0
413	9.0
414	9.0
415	7.0
416	9.0
417	6.0
418	5.0
419	11.0
420	4.0
421	6.0
422	9.0
423	8.0
424	15.0
425	7.0
426	7.0
427	11.0
428	12.0
429	5.0
430	11.0
431	14.0
432	10.0
433	17.0
434	7.0
435	13.0
436	10.0
437	8.0
438	12.0
439	10.0
440	10.0
441	8.0
442	12.0
443	13.0
444	11.0
445	10.0
446	14.0
447	13.0
448	10.0
449	9.0
450	5.0
451	10.0
452	6.0
453	11.0
454	11.0
455	14.0
456	19.0
457	13.0
458	16.0
459	11.0
460	8.0
461	14.0
462	9.0
463	17.0
464	16.0
465	14.0
466	13.0
467	17.0
468	12.0
469	12.0
470	14.0
471	15.0
472	7.0
473	22.0
474	20.0
475	19.0
476	19.0
477	15.0
478	17.0
479	15.0
480	10.0
481	11.0
482	19.0
483	20.0
484	20.0
485	16.0
486	15.0
487	18.0
488	19.0
489	18.0
490	20.0
491	16.0
492	17.0
493	14.0
494	23.0
495	16.0
496	21.0
497	22.0
498	12.0
499	15.0
500	17.0
501	16.0
502	15.0
503	10.0
504	16.0
505	24.0
506	17.0
507	16.0
508	16.0
509	16.0
510	11.0
511	21.0
512	17.0
513	13.0
514	13.0
515	6.0
516	19.0
517	12.0
518	12.0
519	10.0
520	8.0
521	13.0
522	14.0
523	15.0
524	8.0
525	11.0
526	14.0
527	14.0
528	12.0
529	13.0
530	20.0
531	14.0
532	12.0
533	8.0
534	7.0
535	9.0
536	6.0
537	9.0
538	6.0
539	9.0
540	8.0
541	4.0
542	9.0
543	9.0
544	4.0
545	7.0
546	7.0
547	9.0
548	7.0
549	3.0
550	3.0
551	9.0
552	6.0
553	6.0
554	5.0
555	5.0
556	5.0
557	9.0
558	4.0
559	6.0
560	3.0
561	3.0
562	3.0
563	11.0
564	3.0
565	5.0
566	8.0
567	5.0
568	4.0
569	3.0
570	3.0
571	2.0
572	5.0
573	4.0
574	3.0
575	4.0
576	7.0
577	3.0
578	5.0
579	2.0
580	3.0
581	12.0
582	7.0
583	7.0
584	7.0
585	2.0
586	4.0
587	9.0
588	2.0
589	3.0
590	10.0
591	4.0
592	4.0
593	3.0
594	3.0
595	1.0
596	4.0
597	5.0
598	3.0
599	5.0
600	3.0
601	2.0
602	6.0
603	2.0
604	3.0
605	6.0
606	4.0
607	2.0
608	3.0
609	5.0
610	3.0
611	4.0
612	5.0
613	4.0
614	6.0
615	5.0
616	2.0
617	1.0
618	4.0
619	4.0
620	4.0
621	6.0
622	5.0
623	0.0
624	6.0
625	6.0
626	7.0
627	7.0
628	2.0
629	3.0
630	7.0
631	3.0
632	3.0
633	2.0
634	2.0
635	4.0
636	1.0
637	6.0
638	5.0
639	2.0
640	5.0
641	8.0
642	4.0
643	5.0
644	2.0
645	8.0
646	8.0
647	4.0
648	7.0
649	3.0
650	8.0
651	3.0
652	4.0
653	3.0
654	5.0
655	4.0
656	2.0
657	1.0
658	6.0
659	4.0
660	10.0
661	5.0
662	3.0
663	4.0
664	9.0
665	5.0
666	1.0
667	7.0
668	4.0
669	4.0
670	3.0
671	2.0
672	3.0
673	3.0
674	3.0
675	2.0
676	6.0
677	3.0
678	4.0
679	4.0
680	5.0
681	4.0
682	4.0
683	2.0
684	4.0
685	2.0
686	4.0
687	6.0
688	5.0
689	1.0
690	2.0
691	5.0
692	2.0
693	6.0
694	2.0
695	8.0
696	4.0
697	4.0
698	5.0
699	3.0
700	4.0
701	1.0
702	5.0
703	3.0
704	4.0
705	4.0
706	1.0
707	6.0
708	5.0
709	1.0
710	4.0
711	0.0
712	3.0
713	5.0
714	6.0
715	1.0
716	3.0
717	3.0
718	3.0
719	2.0
720	0.0
721	4.0
722	4.0
723	5.0
724	7.0
725	0.0
726	0.0
727	4.0
728	2.0
729	4.0
730	2.0
731	2.0
732	3.0
733	1.0
734	1.0
735	1.0
736	4.0
737	5.0
738	0.0
739	5.0
740	2.0
741	5.0
742	3.0
743	2.0
744	5.0
745	1.0
746	2.0
747	2.0
748	6.0
749	6.0
750	4.0
751	7.0
752	1.0
753	3.0
754	4.0
755	2.0
756	5.0
757	3.0
758	2.0
759	1.0
760	1.0
761	2.0
762	1.0
763	2.0
764	4.0
765	6.0
766	0.0
767	6.0
768	0.0
769	3.0
770	3.0
771	5.0
772	3.0
773	3.0
774	3.0
775	6.0
776	0.0
777	1.0
778	4.0
779	4.0
780	2.0
781	0.0
782	4.0
783	5.0
784	1.0
785	0.0
786	2.0
787	4.0
788	2.0
789	0.0
790	3.0
791	4.0
792	3.0
793	2.0
794	3.0
795	5.0
796	4.0
797	3.0
798	1.0
799	1.0
800	3.0
801	2.0
802	1.0
803	2.0
804	2.0
805	3.0
806	5.0
807	2.0
808	1.0
809	3.0
810	5.0
811	3.0
812	3.0
813	3.0
814	5.0
815	2.0
816	2.0
817	2.0
818	3.0
819	2.0
820	4.0
821	0.0
822	2.0
823	3.0
824	1.0
825	2.0
826	5.0
827	0.0
828	3.0
829	2.0
830	3.0
831	2.0
832	2.0
833	3.0
834	2.0
835	3.0
836	6.0
837	1.0
838	3.0
839	3.0
840	2.0
841	3.0
842	3.0
843	1.0
844	2.0
845	4.0
846	1.0
847	0.0
848	1.0
849	0.0
850	1.0
851	4.0
852	5.0
853	2.0
854	2.0
855	1.0
856	1.0
857	0.0
858	1.0
859	2.0
860	1.0
861	3.0
862	4.0
863	2.0
864	7.0
865	2.0
866	2.0
867	2.0
868	1.0
869	1.0
870	3.0
871	4.0
872	3.0
873	2.0
874	2.0
875	4.0
876	1.0
877	2.0
878	5.0
879	2.0
880	3.0
881	1.0
882	2.0
883	0.0
884	1.0
885	4.0
886	4.0
887	2.0
888	1.0
889	2.0
890	5.0
891	1.0
892	1.0
893	5.0
894	1.0
895	1.0
896	3.0
897	3.0
898	2.0
899	2.0
900	3.0
901	1.0
902	4.0
903	2.0
904	2.0
905	3.0
906	1.0
907	1.0
908	2.0
909	3.0
910	1.0
911	2.0
912	4.0
913	3.0
914	1.0
915	2.0
916	3.0
917	0.0
918	2.0
919	0.0
920	2.0
921	5.0
922	0.0
923	3.0
924	2.0
925	0.0
926	1.0
927	3.0
928	1.0
929	2.0
930	4.0
931	1.0
932	1.0
933	2.0
934	2.0
935	1.0
936	1.0
937	2.0
938	0.0
939	1.0
940	1.0
941	4.0
942	1.0
943	3.0
944	1.0
945	1.0
946	3.0
947	2.0
948	3.0
949	4.0
950	2.0
951	3.0
952	4.0
953	5.0
954	3.0
955	0.0
956	0.0
957	2.0
958	2.0
959	3.0
960	2.0
961	4.0
962	1.0
963	2.0
964	2.0
965	2.0
966	1.0
967	2.0
968	4.0
969	1.0
970	1.0
971	2.0
972	2.0
973	6.0
974	0.0
975	2.0
976	0.0
977	2.0
978	1.0
979	4.0
980	1.0
981	2.0
982	0.0
983	1.0
984	0.0
985	2.0
986	1.0
987	0.0
988	3.0
989	2.0
990	1.0
991	6.0
992	2.0
993	3.0
994	2.0
995	6.0
996	2.0
997	5.0
998	1.0
999	0.0
1000	3.0
1001	1.0
1002	0.0
1003	1.0
1004	1.0
1005	2.0
1006	3.0
1007	2.0
1008	0.0
1009	0.0
1010	0.0
1011	0.0
1012	0.0
1013	0.0
1014	0.0
1015	0.0
1016	0.0
1017	0.0
1018	0.0
1019	0.0
1020	0.0
1021	0.0
1022	0.0
1023	0.0
1024	0.0
