Channel No.	Counts
1	0.0
2	4.0
3	1252886.0
4	3805209.0
5	966782.0
6	465616.0
7	216110.0
8	81529.0
9	26694.0
10	10605.0
11	4567.0
12	1778.0
13	591.0
14	226.0
15	83.0
16	35.0
17	13.0
18	9.0
19	3.0
20	5.0
21	3.0
22	4.0
23	6.0
24	3.0
25	9.0
26	3.0
27	3.0
28	1.0
29	4.0
30	4.0
31	6.0
32	1.0
33	7.0
34	7.0
35	4.0
36	5.0
37	2.0
38	5.0
39	3.0
40	2.0
41	4.0
42	2.0
43	4.0
44	5.0
45	3.0
46	5.0
47	2.0
48	4.0
49	6.0
50	2.0
51	4.0
52	2.0
53	6.0
54	5.0
55	3.0
56	6.0
57	3.0
58	1.0
59	5.0
60	1.0
61	5.0
62	0.0
63	4.0
64	2.0
65	2.0
66	3.0
67	7.0
68	2.0
69	5.0
70	10.0
71	4.0
72	6.0
73	6.0
74	2.0
75	7.0
76	5.0
77	4.0
78	6.0
79	4.0
80	6.0
81	7.0
82	5.0
83	6.0
84	6.0
85	3.0
86	5.0
87	2.0
88	4.0
89	5.0
90	3.0
91	4.0
92	6.0
93	5.0
94	1.0
95	6.0
96	3.0
97	1.0
98	6.0
99	8.0
100	4.0
101	2.0
102	8.0
103	4.0
104	6.0
105	9.0
106	6.0
107	5.0
108	7.0
109	4.0
110	9.0
111	12.0
112	8.0
113	10.0
114	1.0
115	6.0
116	2.0
117	6.0
118	9.0
119	8.0
120	9.0
121	8.0
122	7.0
123	2.0
124	14.0
125	9.0
126	6.0
127	4.0
128	3.0
129	4.0
130	8.0
131	7.0
132	7.0
133	6.0
134	4.0
135	5.0
136	5.0
137	7.0
138	2.0
139	10.0
140	8.0
141	10.0
142	5.0
143	6.0
144	7.0
145	9.0
146	4.0
147	4.0
148	4.0
149	3.0
150	7.0
151	6.0
152	5.0
153	5.0
154	7.0
155	5.0
156	2.0
157	2.0
158	6.0
159	4.0
160	3.0
161	6.0
162	7.0
163	4.0
164	9.0
165	9.0
166	6.0
167	3.0
168	6.0
169	5.0
170	3.0
171	12.0
172	3.0
173	4.0
174	6.0
175	5.0
176	7.0
177	5.0
178	4.0
179	6.0
180	4.0
181	9.0
182	7.0
183	4.0
184	3.0
185	3.0
186	8.0
187	7.0
188	9.0
189	4.0
190	11.0
191	11.0
192	9.0
193	6.0
194	3.0
195	4.0
196	7.0
197	5.0
198	1.0
199	3.0
200	6.0
201	5.0
202	9.0
203	6.0
204	4.0
205	6.0
206	10.0
207	4.0
208	5.0
209	8.0
210	6.0
211	5.0
212	5.0
213	4.0
214	5.0
215	8.0
216	4.0
217	8.0
218	12.0
219	4.0
220	4.0
221	5.0
222	7.0
223	7.0
224	8.0
225	2.0
226	7.0
227	4.0
228	1.0
229	5.0
230	3.0
231	2.0
232	11.0
233	3.0
234	6.0
235	5.0
236	6.0
237	5.0
238	6.0
239	10.0
240	3.0
241	7.0
242	6.0
243	5.0
244	2.0
245	7.0
246	5.0
247	4.0
248	5.0
249	6.0
250	3.0
251	4.0
252	3.0
253	6.0
254	5.0
255	4.0
256	2.0
257	7.0
258	5.0
259	4.0
260	4.0
261	3.0
262	5.0
263	6.0
264	5.0
265	3.0
266	5.0
267	4.0
268	5.0
269	3.0
270	7.0
271	8.0
272	6.0
273	2.0
274	5.0
275	6.0
276	4.0
277	4.0
278	5.0
279	8.0
280	5.0
281	3.0
282	11.0
283	8.0
284	11.0
285	10.0
286	8.0
287	3.0
288	7.0
289	9.0
290	6.0
291	7.0
292	7.0
293	5.0
294	7.0
295	3.0
296	5.0
297	4.0
298	6.0
299	7.0
300	0.0
301	6.0
302	1.0
303	4.0
304	2.0
305	4.0
306	4.0
307	2.0
308	5.0
309	0.0
310	5.0
311	4.0
312	5.0
313	5.0
314	7.0
315	6.0
316	10.0
317	3.0
318	2.0
319	3.0
320	3.0
321	12.0
322	4.0
323	7.0
324	2.0
325	5.0
326	6.0
327	5.0
328	3.0
329	5.0
330	7.0
331	3.0
332	5.0
333	4.0
334	6.0
335	6.0
336	5.0
337	9.0
338	3.0
339	4.0
340	4.0
341	4.0
342	7.0
343	3.0
344	3.0
345	5.0
346	2.0
347	6.0
348	2.0
349	1.0
350	5.0
351	9.0
352	5.0
353	3.0
354	2.0
355	5.0
356	8.0
357	5.0
358	3.0
359	3.0
360	2.0
361	1.0
362	3.0
363	5.0
364	3.0
365	5.0
366	4.0
367	2.0
368	3.0
369	7.0
370	3.0
371	7.0
372	5.0
373	7.0
374	4.0
375	6.0
376	7.0
377	6.0
378	4.0
379	6.0
380	5.0
381	4.0
382	5.0
383	4.0
384	5.0
385	2.0
386	5.0
387	2.0
388	2.0
389	2.0
390	4.0
391	5.0
392	6.0
393	1.0
394	3.0
395	10.0
396	1.0
397	4.0
398	6.0
399	8.0
400	1.0
401	2.0
402	5.0
403	3.0
404	5.0
405	5.0
406	4.0
407	2.0
408	5.0
409	8.0
410	9.0
411	3.0
412	2.0
413	4.0
414	5.0
415	3.0
416	5.0
417	5.0
418	3.0
419	1.0
420	0.0
421	4.0
422	6.0
423	2.0
424	5.0
425	1.0
426	3.0
427	1.0
428	4.0
429	5.0
430	2.0
431	5.0
432	4.0
433	4.0
434	2.0
435	3.0
436	4.0
437	4.0
438	3.0
439	5.0
440	5.0
441	4.0
442	7.0
443	4.0
444	5.0
445	2.0
446	4.0
447	4.0
448	6.0
449	5.0
450	4.0
451	7.0
452	4.0
453	5.0
454	2.0
455	4.0
456	4.0
457	4.0
458	5.0
459	4.0
460	4.0
461	3.0
462	2.0
463	3.0
464	4.0
465	3.0
466	2.0
467	3.0
468	3.0
469	1.0
470	2.0
471	2.0
472	5.0
473	2.0
474	2.0
475	7.0
476	6.0
477	1.0
478	3.0
479	3.0
480	7.0
481	1.0
482	3.0
483	0.0
484	2.0
485	6.0
486	1.0
487	1.0
488	6.0
489	7.0
490	2.0
491	5.0
492	1.0
493	2.0
494	1.0
495	1.0
496	4.0
497	6.0
498	3.0
499	3.0
500	3.0
501	6.0
502	5.0
503	5.0
504	3.0
505	2.0
506	5.0
507	3.0
508	7.0
509	2.0
510	1.0
511	4.0
512	4.0
513	6.0
514	5.0
515	3.0
516	3.0
517	3.0
518	2.0
519	3.0
520	0.0
521	2.0
522	6.0
523	3.0
524	3.0
525	3.0
526	3.0
527	5.0
528	3.0
529	7.0
530	2.0
531	3.0
532	4.0
533	3.0
534	2.0
535	2.0
536	2.0
537	4.0
538	2.0
539	3.0
540	0.0
541	1.0
542	6.0
543	4.0
544	3.0
545	0.0
546	0.0
547	2.0
548	4.0
549	6.0
550	2.0
551	2.0
552	2.0
553	8.0
554	1.0
555	4.0
556	3.0
557	5.0
558	2.0
559	3.0
560	6.0
561	3.0
562	3.0
563	1.0
564	4.0
565	5.0
566	1.0
567	1.0
568	4.0
569	2.0
570	3.0
571	1.0
572	4.0
573	4.0
574	3.0
575	5.0
576	4.0
577	2.0
578	5.0
579	3.0
580	3.0
581	2.0
582	6.0
583	2.0
584	2.0
585	3.0
586	5.0
587	5.0
588	5.0
589	5.0
590	3.0
591	3.0
592	2.0
593	2.0
594	2.0
595	6.0
596	4.0
597	3.0
598	2.0
599	5.0
600	4.0
601	2.0
602	2.0
603	2.0
604	4.0
605	1.0
606	2.0
607	5.0
608	6.0
609	3.0
610	6.0
611	1.0
612	1.0
613	1.0
614	1.0
615	1.0
616	4.0
617	5.0
618	2.0
619	4.0
620	2.0
621	2.0
622	2.0
623	2.0
624	3.0
625	4.0
626	3.0
627	1.0
628	3.0
629	2.0
630	2.0
631	6.0
632	1.0
633	3.0
634	3.0
635	3.0
636	3.0
637	1.0
638	5.0
639	1.0
640	7.0
641	3.0
642	5.0
643	4.0
644	0.0
645	4.0
646	3.0
647	3.0
648	3.0
649	4.0
650	2.0
651	0.0
652	4.0
653	6.0
654	4.0
655	4.0
656	2.0
657	3.0
658	3.0
659	3.0
660	3.0
661	4.0
662	4.0
663	5.0
664	2.0
665	2.0
666	1.0
667	2.0
668	4.0
669	1.0
670	7.0
671	1.0
672	3.0
673	1.0
674	5.0
675	3.0
676	3.0
677	1.0
678	4.0
679	3.0
680	6.0
681	4.0
682	5.0
683	2.0
684	3.0
685	2.0
686	3.0
687	5.0
688	0.0
689	6.0
690	2.0
691	2.0
692	4.0
693	2.0
694	1.0
695	2.0
696	3.0
697	2.0
698	4.0
699	2.0
700	5.0
701	0.0
702	0.0
703	3.0
704	3.0
705	2.0
706	4.0
707	6.0
708	1.0
709	2.0
710	5.0
711	5.0
712	2.0
713	3.0
714	0.0
715	3.0
716	2.0
717	3.0
718	4.0
719	1.0
720	1.0
721	2.0
722	6.0
723	2.0
724	4.0
725	4.0
726	4.0
727	6.0
728	4.0
729	2.0
730	2.0
731	0.0
732	2.0
733	4.0
734	4.0
735	3.0
736	1.0
737	3.0
738	4.0
739	1.0
740	3.0
741	2.0
742	2.0
743	2.0
744	6.0
745	1.0
746	2.0
747	4.0
748	1.0
749	0.0
750	3.0
751	4.0
752	4.0
753	1.0
754	2.0
755	4.0
756	4.0
757	2.0
758	3.0
759	4.0
760	1.0
761	0.0
762	3.0
763	1.0
764	4.0
765	2.0
766	2.0
767	4.0
768	1.0
769	2.0
770	2.0
771	4.0
772	3.0
773	1.0
774	4.0
775	3.0
776	6.0
777	0.0
778	0.0
779	1.0
780	5.0
781	3.0
782	3.0
783	1.0
784	1.0
785	4.0
786	3.0
787	2.0
788	3.0
789	4.0
790	0.0
791	2.0
792	2.0
793	5.0
794	5.0
795	1.0
796	5.0
797	1.0
798	3.0
799	1.0
800	3.0
801	3.0
802	1.0
803	5.0
804	2.0
805	5.0
806	0.0
807	4.0
808	1.0
809	1.0
810	1.0
811	4.0
812	3.0
813	0.0
814	5.0
815	2.0
816	3.0
817	1.0
818	1.0
819	1.0
820	2.0
821	4.0
822	1.0
823	2.0
824	3.0
825	2.0
826	1.0
827	2.0
828	5.0
829	2.0
830	1.0
831	2.0
832	1.0
833	3.0
834	3.0
835	1.0
836	3.0
837	5.0
838	0.0
839	3.0
840	4.0
841	3.0
842	2.0
843	2.0
844	4.0
845	1.0
846	3.0
847	2.0
848	4.0
849	2.0
850	2.0
851	2.0
852	2.0
853	3.0
854	2.0
855	3.0
856	3.0
857	2.0
858	1.0
859	3.0
860	3.0
861	2.0
862	1.0
863	1.0
864	3.0
865	3.0
866	1.0
867	3.0
868	3.0
869	1.0
870	1.0
871	1.0
872	1.0
873	1.0
874	2.0
875	2.0
876	1.0
877	2.0
878	1.0
879	0.0
880	2.0
881	1.0
882	4.0
883	1.0
884	3.0
885	2.0
886	1.0
887	0.0
888	1.0
889	2.0
890	3.0
891	1.0
892	0.0
893	3.0
894	2.0
895	1.0
896	1.0
897	1.0
898	1.0
899	1.0
900	1.0
901	1.0
902	0.0
903	1.0
904	0.0
905	1.0
906	4.0
907	3.0
908	1.0
909	3.0
910	1.0
911	3.0
912	2.0
913	1.0
914	2.0
915	3.0
916	2.0
917	3.0
918	2.0
919	2.0
920	1.0
921	0.0
922	2.0
923	4.0
924	0.0
925	1.0
926	2.0
927	3.0
928	3.0
929	1.0
930	2.0
931	1.0
932	2.0
933	1.0
934	2.0
935	2.0
936	2.0
937	1.0
938	0.0
939	2.0
940	0.0
941	6.0
942	2.0
943	1.0
944	2.0
945	0.0
946	2.0
947	0.0
948	2.0
949	0.0
950	2.0
951	2.0
952	2.0
953	4.0
954	1.0
955	2.0
956	1.0
957	2.0
958	2.0
959	0.0
960	1.0
961	2.0
962	0.0
963	0.0
964	1.0
965	3.0
966	1.0
967	0.0
968	1.0
969	1.0
970	1.0
971	1.0
972	1.0
973	1.0
974	0.0
975	1.0
976	1.0
977	3.0
978	2.0
979	0.0
980	2.0
981	1.0
982	1.0
983	0.0
984	1.0
985	1.0
986	1.0
987	1.0
988	2.0
989	1.0
990	2.0
991	2.0
992	2.0
993	2.0
994	2.0
995	1.0
996	0.0
997	1.0
998	1.0
999	0.0
1000	2.0
1001	3.0
1002	0.0
1003	1.0
1004	4.0
1005	3.0
1006	3.0
1007	3.0
1008	0.0
1009	0.0
1010	0.0
1011	0.0
1012	0.0
1013	0.0
1014	0.0
1015	0.0
1016	0.0
1017	0.0
1018	0.0
1019	0.0
1020	0.0
1021	0.0
1022	0.0
1023	0.0
1024	0.0
