Channel No.	Counts
1	0.0
2	7.0
3	1756228.0
4	5011164.0
5	1445860.0
6	685887.0
7	309785.0
8	119496.0
9	42208.0
10	16141.0
11	6341.0
12	2410.0
13	865.0
14	309.0
15	124.0
16	43.0
17	17.0
18	12.0
19	4.0
20	5.0
21	10.0
22	4.0
23	5.0
24	9.0
25	7.0
26	4.0
27	3.0
28	7.0
29	2.0
30	5.0
31	7.0
32	3.0
33	2.0
34	8.0
35	8.0
36	3.0
37	7.0
38	4.0
39	9.0
40	4.0
41	3.0
42	4.0
43	11.0
44	3.0
45	4.0
46	6.0
47	9.0
48	7.0
49	7.0
50	4.0
51	6.0
52	7.0
53	9.0
54	5.0
55	8.0
56	7.0
57	4.0
58	2.0
59	11.0
60	6.0
61	2.0
62	10.0
63	7.0
64	4.0
65	4.0
66	2.0
67	11.0
68	4.0
69	7.0
70	13.0
71	9.0
72	8.0
73	2.0
74	7.0
75	5.0
76	7.0
77	5.0
78	5.0
79	8.0
80	10.0
81	3.0
82	8.0
83	5.0
84	6.0
85	7.0
86	8.0
87	8.0
88	7.0
89	5.0
90	12.0
91	15.0
92	9.0
93	14.0
94	10.0
95	9.0
96	9.0
97	11.0
98	10.0
99	13.0
100	9.0
101	11.0
102	4.0
103	10.0
104	7.0
105	3.0
106	12.0
107	10.0
108	9.0
109	9.0
110	9.0
111	7.0
112	11.0
113	11.0
114	13.0
115	8.0
116	17.0
117	12.0
118	5.0
119	18.0
120	11.0
121	12.0
122	9.0
123	6.0
124	18.0
125	11.0
126	13.0
127	13.0
128	13.0
129	8.0
130	9.0
131	12.0
132	13.0
133	15.0
134	10.0
135	13.0
136	9.0
137	12.0
138	8.0
139	13.0
140	7.0
141	12.0
142	8.0
143	7.0
144	5.0
145	11.0
146	8.0
147	2.0
148	6.0
149	12.0
150	10.0
151	10.0
152	10.0
153	6.0
154	9.0
155	12.0
156	9.0
157	5.0
158	9.0
159	7.0
160	6.0
161	7.0
162	12.0
163	9.0
164	8.0
165	10.0
166	10.0
167	5.0
168	9.0
169	3.0
170	12.0
171	11.0
172	14.0
173	8.0
174	6.0
175	4.0
176	7.0
177	4.0
178	8.0
179	14.0
180	6.0
181	6.0
182	5.0
183	7.0
184	12.0
185	11.0
186	10.0
187	9.0
188	14.0
189	10.0
190	8.0
191	10.0
192	8.0
193	9.0
194	16.0
195	9.0
196	10.0
197	12.0
198	8.0
199	9.0
200	6.0
201	9.0
202	14.0
203	7.0
204	8.0
205	5.0
206	9.0
207	6.0
208	16.0
209	6.0
210	11.0
211	6.0
212	3.0
213	6.0
214	9.0
215	10.0
216	6.0
217	5.0
218	9.0
219	5.0
220	6.0
221	5.0
222	8.0
223	9.0
224	12.0
225	15.0
226	6.0
227	9.0
228	4.0
229	13.0
230	9.0
231	12.0
232	6.0
233	12.0
234	8.0
235	1.0
236	15.0
237	9.0
238	6.0
239	12.0
240	12.0
241	12.0
242	9.0
243	11.0
244	10.0
245	13.0
246	15.0
247	9.0
248	9.0
249	2.0
250	5.0
251	9.0
252	15.0
253	9.0
254	9.0
255	7.0
256	12.0
257	10.0
258	6.0
259	11.0
260	18.0
261	7.0
262	9.0
263	5.0
264	10.0
265	6.0
266	10.0
267	13.0
268	11.0
269	9.0
270	10.0
271	9.0
272	7.0
273	9.0
274	9.0
275	11.0
276	7.0
277	4.0
278	10.0
279	3.0
280	14.0
281	5.0
282	14.0
283	9.0
284	7.0
285	7.0
286	7.0
287	8.0
288	4.0
289	7.0
290	12.0
291	17.0
292	9.0
293	9.0
294	14.0
295	9.0
296	8.0
297	6.0
298	11.0
299	9.0
300	9.0
301	11.0
302	12.0
303	5.0
304	12.0
305	6.0
306	6.0
307	12.0
308	6.0
309	6.0
310	11.0
311	10.0
312	12.0
313	6.0
314	13.0
315	7.0
316	15.0
317	6.0
318	7.0
319	10.0
320	5.0
321	13.0
322	13.0
323	15.0
324	14.0
325	8.0
326	19.0
327	9.0
328	8.0
329	10.0
330	9.0
331	10.0
332	10.0
333	12.0
334	13.0
335	7.0
336	12.0
337	12.0
338	10.0
339	7.0
340	24.0
341	13.0
342	8.0
343	9.0
344	15.0
345	8.0
346	8.0
347	11.0
348	10.0
349	12.0
350	14.0
351	4.0
352	13.0
353	11.0
354	11.0
355	11.0
356	9.0
357	9.0
358	8.0
359	11.0
360	16.0
361	12.0
362	14.0
363	15.0
364	10.0
365	15.0
366	14.0
367	13.0
368	10.0
369	16.0
370	11.0
371	18.0
372	19.0
373	15.0
374	19.0
375	13.0
376	13.0
377	20.0
378	15.0
379	8.0
380	23.0
381	19.0
382	15.0
383	21.0
384	13.0
385	23.0
386	14.0
387	10.0
388	18.0
389	22.0
390	15.0
391	20.0
392	19.0
393	16.0
394	25.0
395	14.0
396	21.0
397	22.0
398	10.0
399	18.0
400	14.0
401	26.0
402	26.0
403	20.0
404	23.0
405	26.0
406	14.0
407	27.0
408	16.0
409	18.0
410	21.0
411	20.0
412	25.0
413	19.0
414	20.0
415	16.0
416	16.0
417	16.0
418	15.0
419	17.0
420	22.0
421	22.0
422	27.0
423	19.0
424	9.0
425	14.0
426	13.0
427	10.0
428	12.0
429	10.0
430	12.0
431	14.0
432	15.0
433	5.0
434	16.0
435	8.0
436	12.0
437	17.0
438	14.0
439	12.0
440	6.0
441	12.0
442	7.0
443	6.0
444	11.0
445	11.0
446	10.0
447	14.0
448	10.0
449	4.0
450	6.0
451	8.0
452	16.0
453	11.0
454	9.0
455	6.0
456	3.0
457	6.0
458	8.0
459	11.0
460	9.0
461	7.0
462	8.0
463	8.0
464	6.0
465	4.0
466	8.0
467	5.0
468	8.0
469	6.0
470	6.0
471	9.0
472	5.0
473	4.0
474	10.0
475	6.0
476	2.0
477	6.0
478	5.0
479	4.0
480	6.0
481	6.0
482	4.0
483	2.0
484	6.0
485	6.0
486	5.0
487	7.0
488	5.0
489	6.0
490	9.0
491	5.0
492	4.0
493	10.0
494	8.0
495	3.0
496	8.0
497	2.0
498	3.0
499	7.0
500	8.0
501	5.0
502	5.0
503	9.0
504	8.0
505	1.0
506	8.0
507	3.0
508	4.0
509	2.0
510	3.0
511	6.0
512	11.0
513	4.0
514	5.0
515	4.0
516	7.0
517	4.0
518	2.0
519	3.0
520	3.0
521	8.0
522	4.0
523	1.0
524	5.0
525	3.0
526	3.0
527	3.0
528	2.0
529	3.0
530	6.0
531	5.0
532	2.0
533	4.0
534	2.0
535	2.0
536	5.0
537	5.0
538	4.0
539	5.0
540	4.0
541	6.0
542	3.0
543	2.0
544	1.0
545	2.0
546	6.0
547	4.0
548	6.0
549	2.0
550	6.0
551	4.0
552	3.0
553	5.0
554	3.0
555	5.0
556	4.0
557	2.0
558	5.0
559	5.0
560	6.0
561	5.0
562	4.0
563	2.0
564	5.0
565	7.0
566	1.0
567	5.0
568	7.0
569	3.0
570	4.0
571	4.0
572	7.0
573	4.0
574	4.0
575	6.0
576	5.0
577	4.0
578	3.0
579	2.0
580	2.0
581	6.0
582	6.0
583	11.0
584	7.0
585	4.0
586	3.0
587	1.0
588	3.0
589	6.0
590	2.0
591	6.0
592	4.0
593	2.0
594	3.0
595	2.0
596	6.0
597	3.0
598	3.0
599	1.0
600	5.0
601	3.0
602	4.0
603	4.0
604	4.0
605	2.0
606	9.0
607	2.0
608	2.0
609	0.0
610	2.0
611	3.0
612	7.0
613	6.0
614	6.0
615	4.0
616	2.0
617	4.0
618	3.0
619	10.0
620	3.0
621	5.0
622	4.0
623	6.0
624	4.0
625	4.0
626	4.0
627	4.0
628	1.0
629	4.0
630	7.0
631	6.0
632	7.0
633	2.0
634	4.0
635	3.0
636	3.0
637	2.0
638	2.0
639	3.0
640	7.0
641	6.0
642	6.0
643	3.0
644	5.0
645	5.0
646	2.0
647	6.0
648	2.0
649	2.0
650	3.0
651	9.0
652	3.0
653	1.0
654	4.0
655	6.0
656	5.0
657	4.0
658	6.0
659	7.0
660	5.0
661	4.0
662	7.0
663	5.0
664	2.0
665	3.0
666	2.0
667	3.0
668	2.0
669	1.0
670	4.0
671	2.0
672	4.0
673	1.0
674	5.0
675	5.0
676	5.0
677	5.0
678	4.0
679	4.0
680	1.0
681	3.0
682	7.0
683	4.0
684	3.0
685	4.0
686	8.0
687	6.0
688	6.0
689	3.0
690	3.0
691	7.0
692	3.0
693	4.0
694	2.0
695	2.0
696	7.0
697	5.0
698	1.0
699	1.0
700	3.0
701	8.0
702	5.0
703	4.0
704	4.0
705	8.0
706	3.0
707	3.0
708	4.0
709	4.0
710	3.0
711	3.0
712	6.0
713	6.0
714	4.0
715	6.0
716	7.0
717	4.0
718	6.0
719	2.0
720	2.0
721	2.0
722	6.0
723	6.0
724	1.0
725	5.0
726	3.0
727	2.0
728	4.0
729	6.0
730	9.0
731	7.0
732	3.0
733	2.0
734	4.0
735	1.0
736	4.0
737	2.0
738	7.0
739	7.0
740	5.0
741	1.0
742	3.0
743	6.0
744	7.0
745	3.0
746	2.0
747	1.0
748	2.0
749	3.0
750	1.0
751	6.0
752	2.0
753	4.0
754	3.0
755	1.0
756	1.0
757	4.0
758	5.0
759	3.0
760	1.0
761	2.0
762	0.0
763	3.0
764	2.0
765	6.0
766	10.0
767	10.0
768	1.0
769	3.0
770	2.0
771	4.0
772	1.0
773	5.0
774	5.0
775	5.0
776	1.0
777	6.0
778	6.0
779	5.0
780	3.0
781	7.0
782	1.0
783	5.0
784	2.0
785	4.0
786	3.0
787	4.0
788	2.0
789	0.0
790	2.0
791	3.0
792	3.0
793	2.0
794	0.0
795	3.0
796	1.0
797	2.0
798	3.0
799	1.0
800	2.0
801	1.0
802	2.0
803	4.0
804	4.0
805	5.0
806	3.0
807	5.0
808	2.0
809	5.0
810	0.0
811	1.0
812	2.0
813	5.0
814	6.0
815	3.0
816	5.0
817	4.0
818	1.0
819	4.0
820	2.0
821	0.0
822	3.0
823	1.0
824	1.0
825	4.0
826	5.0
827	2.0
828	0.0
829	6.0
830	5.0
831	1.0
832	1.0
833	1.0
834	2.0
835	2.0
836	1.0
837	3.0
838	3.0
839	1.0
840	3.0
841	2.0
842	2.0
843	2.0
844	5.0
845	2.0
846	2.0
847	3.0
848	5.0
849	4.0
850	1.0
851	2.0
852	2.0
853	1.0
854	5.0
855	3.0
856	2.0
857	2.0
858	3.0
859	5.0
860	1.0
861	3.0
862	2.0
863	2.0
864	3.0
865	4.0
866	4.0
867	1.0
868	0.0
869	1.0
870	3.0
871	4.0
872	2.0
873	3.0
874	3.0
875	1.0
876	2.0
877	1.0
878	2.0
879	4.0
880	3.0
881	1.0
882	4.0
883	3.0
884	6.0
885	0.0
886	3.0
887	3.0
888	3.0
889	7.0
890	1.0
891	2.0
892	6.0
893	3.0
894	4.0
895	4.0
896	4.0
897	3.0
898	3.0
899	2.0
900	3.0
901	1.0
902	3.0
903	3.0
904	2.0
905	1.0
906	1.0
907	0.0
908	2.0
909	3.0
910	4.0
911	4.0
912	3.0
913	1.0
914	4.0
915	2.0
916	4.0
917	5.0
918	1.0
919	4.0
920	0.0
921	1.0
922	3.0
923	2.0
924	2.0
925	3.0
926	1.0
927	3.0
928	1.0
929	0.0
930	2.0
931	1.0
932	2.0
933	5.0
934	3.0
935	3.0
936	4.0
937	2.0
938	2.0
939	1.0
940	2.0
941	5.0
942	1.0
943	3.0
944	3.0
945	3.0
946	2.0
947	4.0
948	2.0
949	2.0
950	2.0
951	1.0
952	1.0
953	4.0
954	3.0
955	0.0
956	3.0
957	2.0
958	1.0
959	4.0
960	1.0
961	3.0
962	1.0
963	2.0
964	2.0
965	3.0
966	2.0
967	1.0
968	4.0
969	2.0
970	3.0
971	4.0
972	1.0
973	1.0
974	1.0
975	2.0
976	2.0
977	4.0
978	0.0
979	0.0
980	2.0
981	1.0
982	4.0
983	1.0
984	0.0
985	2.0
986	1.0
987	3.0
988	2.0
989	1.0
990	3.0
991	1.0
992	3.0
993	3.0
994	2.0
995	4.0
996	1.0
997	1.0
998	4.0
999	1.0
1000	2.0
1001	3.0
1002	2.0
1003	1.0
1004	1.0
1005	2.0
1006	2.0
1007	2.0
1008	4.0
1009	0.0
1010	0.0
1011	0.0
1012	0.0
1013	0.0
1014	0.0
1015	0.0
1016	0.0
1017	0.0
1018	0.0
1019	0.0
1020	0.0
1021	0.0
1022	0.0
1023	0.0
1024	0.0
