Channel No.	Counts
1	0.0
2	2.0
3	750480.0
4	2241811.0
5	444795.0
6	370177.0
7	245935.0
8	140724.0
9	56885.0
10	16904.0
11	6472.0
12	3452.0
13	1572.0
14	474.0
15	108.0
16	17.0
17	5.0
18	9.0
19	10.0
20	8.0
21	4.0
22	10.0
23	5.0
24	7.0
25	3.0
26	2.0
27	8.0
28	3.0
29	0.0
30	2.0
31	0.0
32	5.0
33	7.0
34	6.0
35	1.0
36	7.0
37	7.0
38	2.0
39	5.0
40	5.0
41	4.0
42	5.0
43	5.0
44	5.0
45	6.0
46	6.0
47	5.0
48	5.0
49	2.0
50	6.0
51	4.0
52	9.0
53	5.0
54	6.0
55	3.0
56	3.0
57	4.0
58	2.0
59	5.0
60	7.0
61	4.0
62	7.0
63	3.0
64	10.0
65	6.0
66	4.0
67	1.0
68	6.0
69	6.0
70	5.0
71	6.0
72	10.0
73	7.0
74	7.0
75	8.0
76	4.0
77	6.0
78	9.0
79	7.0
80	9.0
81	4.0
82	8.0
83	8.0
84	5.0
85	8.0
86	3.0
87	8.0
88	7.0
89	4.0
90	8.0
91	6.0
92	13.0
93	2.0
94	5.0
95	5.0
96	10.0
97	4.0
98	7.0
99	8.0
100	11.0
101	9.0
102	6.0
103	6.0
104	7.0
105	8.0
106	13.0
107	7.0
108	13.0
109	12.0
110	6.0
111	11.0
112	5.0
113	12.0
114	18.0
115	10.0
116	8.0
117	12.0
118	10.0
119	4.0
120	10.0
121	11.0
122	10.0
123	9.0
124	9.0
125	6.0
126	6.0
127	9.0
128	5.0
129	11.0
130	10.0
131	7.0
132	8.0
133	7.0
134	8.0
135	9.0
136	7.0
137	10.0
138	12.0
139	5.0
140	5.0
141	7.0
142	4.0
143	5.0
144	5.0
145	5.0
146	4.0
147	11.0
148	11.0
149	6.0
150	9.0
151	13.0
152	16.0
153	6.0
154	7.0
155	2.0
156	8.0
157	2.0
158	10.0
159	11.0
160	6.0
161	9.0
162	4.0
163	9.0
164	7.0
165	10.0
166	8.0
167	8.0
168	8.0
169	8.0
170	3.0
171	8.0
172	5.0
173	7.0
174	7.0
175	6.0
176	9.0
177	12.0
178	9.0
179	4.0
180	9.0
181	9.0
182	3.0
183	14.0
184	11.0
185	7.0
186	8.0
187	6.0
188	8.0
189	7.0
190	11.0
191	10.0
192	9.0
193	15.0
194	11.0
195	13.0
196	7.0
197	8.0
198	14.0
199	6.0
200	7.0
201	12.0
202	10.0
203	10.0
204	11.0
205	4.0
206	13.0
207	9.0
208	11.0
209	3.0
210	10.0
211	10.0
212	7.0
213	9.0
214	8.0
215	17.0
216	6.0
217	5.0
218	11.0
219	8.0
220	6.0
221	7.0
222	15.0
223	9.0
224	11.0
225	7.0
226	7.0
227	11.0
228	7.0
229	6.0
230	8.0
231	4.0
232	9.0
233	6.0
234	14.0
235	13.0
236	9.0
237	11.0
238	12.0
239	9.0
240	7.0
241	13.0
242	4.0
243	7.0
244	10.0
245	12.0
246	16.0
247	7.0
248	12.0
249	9.0
250	7.0
251	7.0
252	14.0
253	15.0
254	10.0
255	4.0
256	20.0
257	7.0
258	4.0
259	12.0
260	5.0
261	4.0
262	8.0
263	10.0
264	7.0
265	7.0
266	12.0
267	10.0
268	7.0
269	8.0
270	13.0
271	10.0
272	10.0
273	10.0
274	8.0
275	10.0
276	16.0
277	9.0
278	9.0
279	12.0
280	8.0
281	7.0
282	12.0
283	12.0
284	17.0
285	10.0
286	10.0
287	7.0
288	11.0
289	14.0
290	11.0
291	13.0
292	9.0
293	8.0
294	12.0
295	12.0
296	10.0
297	12.0
298	17.0
299	8.0
300	20.0
301	10.0
302	17.0
303	12.0
304	13.0
305	7.0
306	14.0
307	17.0
308	21.0
309	10.0
310	14.0
311	14.0
312	17.0
313	18.0
314	12.0
315	20.0
316	18.0
317	20.0
318	22.0
319	14.0
320	21.0
321	20.0
322	21.0
323	24.0
324	16.0
325	14.0
326	17.0
327	15.0
328	20.0
329	25.0
330	23.0
331	18.0
332	27.0
333	20.0
334	21.0
335	19.0
336	31.0
337	19.0
338	18.0
339	33.0
340	19.0
341	13.0
342	13.0
343	27.0
344	14.0
345	14.0
346	15.0
347	12.0
348	15.0
349	17.0
350	21.0
351	23.0
352	31.0
353	20.0
354	23.0
355	17.0
356	16.0
357	14.0
358	16.0
359	14.0
360	16.0
361	3.0
362	20.0
363	13.0
364	17.0
365	17.0
366	12.0
367	11.0
368	16.0
369	16.0
370	14.0
371	16.0
372	10.0
373	12.0
374	15.0
375	13.0
376	11.0
377	7.0
378	9.0
379	11.0
380	7.0
381	8.0
382	9.0
383	8.0
384	10.0
385	8.0
386	14.0
387	9.0
388	4.0
389	3.0
390	5.0
391	6.0
392	9.0
393	9.0
394	7.0
395	6.0
396	10.0
397	3.0
398	5.0
399	5.0
400	6.0
401	6.0
402	4.0
403	4.0
404	3.0
405	5.0
406	7.0
407	4.0
408	6.0
409	1.0
410	6.0
411	6.0
412	5.0
413	6.0
414	10.0
415	5.0
416	4.0
417	6.0
418	4.0
419	4.0
420	5.0
421	0.0
422	4.0
423	5.0
424	7.0
425	7.0
426	4.0
427	9.0
428	4.0
429	6.0
430	7.0
431	3.0
432	4.0
433	7.0
434	4.0
435	6.0
436	3.0
437	6.0
438	3.0
439	2.0
440	3.0
441	7.0
442	3.0
443	8.0
444	3.0
445	8.0
446	5.0
447	3.0
448	3.0
449	5.0
450	9.0
451	4.0
452	2.0
453	8.0
454	6.0
455	2.0
456	6.0
457	3.0
458	4.0
459	5.0
460	5.0
461	3.0
462	6.0
463	2.0
464	4.0
465	2.0
466	3.0
467	4.0
468	5.0
469	3.0
470	2.0
471	3.0
472	1.0
473	4.0
474	4.0
475	4.0
476	4.0
477	7.0
478	4.0
479	5.0
480	4.0
481	1.0
482	2.0
483	3.0
484	6.0
485	3.0
486	1.0
487	2.0
488	3.0
489	5.0
490	5.0
491	6.0
492	3.0
493	3.0
494	7.0
495	3.0
496	8.0
497	5.0
498	2.0
499	8.0
500	5.0
501	2.0
502	4.0
503	5.0
504	2.0
505	3.0
506	3.0
507	3.0
508	2.0
509	4.0
510	6.0
511	2.0
512	5.0
513	4.0
514	7.0
515	1.0
516	7.0
517	2.0
518	3.0
519	2.0
520	1.0
521	5.0
522	3.0
523	2.0
524	6.0
525	2.0
526	2.0
527	4.0
528	3.0
529	5.0
530	3.0
531	2.0
532	1.0
533	2.0
534	5.0
535	3.0
536	3.0
537	6.0
538	3.0
539	3.0
540	2.0
541	4.0
542	4.0
543	1.0
544	4.0
545	3.0
546	2.0
547	9.0
548	3.0
549	3.0
550	2.0
551	4.0
552	1.0
553	4.0
554	4.0
555	0.0
556	8.0
557	4.0
558	3.0
559	2.0
560	5.0
561	3.0
562	4.0
563	0.0
564	2.0
565	4.0
566	1.0
567	4.0
568	3.0
569	6.0
570	4.0
571	3.0
572	2.0
573	2.0
574	1.0
575	5.0
576	2.0
577	3.0
578	3.0
579	0.0
580	2.0
581	3.0
582	5.0
583	3.0
584	3.0
585	4.0
586	3.0
587	2.0
588	3.0
589	5.0
590	3.0
591	5.0
592	7.0
593	1.0
594	2.0
595	3.0
596	2.0
597	1.0
598	4.0
599	6.0
600	4.0
601	6.0
602	3.0
603	7.0
604	3.0
605	2.0
606	4.0
607	1.0
608	2.0
609	5.0
610	3.0
611	0.0
612	1.0
613	2.0
614	0.0
615	2.0
616	2.0
617	1.0
618	2.0
619	5.0
620	2.0
621	4.0
622	0.0
623	4.0
624	1.0
625	2.0
626	5.0
627	4.0
628	5.0
629	1.0
630	3.0
631	1.0
632	4.0
633	3.0
634	5.0
635	4.0
636	4.0
637	4.0
638	5.0
639	4.0
640	1.0
641	3.0
642	4.0
643	2.0
644	2.0
645	2.0
646	3.0
647	4.0
648	3.0
649	6.0
650	5.0
651	4.0
652	2.0
653	6.0
654	6.0
655	7.0
656	4.0
657	2.0
658	2.0
659	3.0
660	1.0
661	9.0
662	7.0
663	5.0
664	1.0
665	4.0
666	7.0
667	3.0
668	4.0
669	3.0
670	1.0
671	3.0
672	1.0
673	5.0
674	2.0
675	5.0
676	3.0
677	6.0
678	2.0
679	5.0
680	6.0
681	4.0
682	1.0
683	6.0
684	2.0
685	7.0
686	0.0
687	4.0
688	3.0
689	1.0
690	5.0
691	1.0
692	7.0
693	2.0
694	3.0
695	3.0
696	6.0
697	0.0
698	6.0
699	3.0
700	4.0
701	5.0
702	6.0
703	6.0
704	3.0
705	2.0
706	3.0
707	5.0
708	1.0
709	5.0
710	1.0
711	3.0
712	1.0
713	3.0
714	2.0
715	2.0
716	2.0
717	2.0
718	4.0
719	0.0
720	9.0
721	1.0
722	3.0
723	8.0
724	2.0
725	3.0
726	0.0
727	3.0
728	1.0
729	2.0
730	2.0
731	2.0
732	4.0
733	2.0
734	5.0
735	1.0
736	4.0
737	1.0
738	2.0
739	3.0
740	3.0
741	1.0
742	2.0
743	3.0
744	2.0
745	4.0
746	3.0
747	0.0
748	2.0
749	6.0
750	1.0
751	3.0
752	5.0
753	6.0
754	3.0
755	2.0
756	3.0
757	0.0
758	7.0
759	2.0
760	3.0
761	2.0
762	1.0
763	4.0
764	2.0
765	3.0
766	2.0
767	1.0
768	1.0
769	3.0
770	2.0
771	0.0
772	4.0
773	1.0
774	2.0
775	2.0
776	3.0
777	2.0
778	4.0
779	1.0
780	2.0
781	0.0
782	1.0
783	3.0
784	3.0
785	4.0
786	4.0
787	3.0
788	2.0
789	1.0
790	4.0
791	4.0
792	2.0
793	5.0
794	1.0
795	1.0
796	3.0
797	7.0
798	1.0
799	1.0
800	3.0
801	4.0
802	3.0
803	3.0
804	2.0
805	2.0
806	2.0
807	4.0
808	2.0
809	2.0
810	2.0
811	3.0
812	2.0
813	6.0
814	1.0
815	6.0
816	1.0
817	2.0
818	2.0
819	3.0
820	3.0
821	0.0
822	2.0
823	2.0
824	0.0
825	1.0
826	1.0
827	4.0
828	2.0
829	0.0
830	2.0
831	3.0
832	2.0
833	2.0
834	1.0
835	5.0
836	0.0
837	3.0
838	0.0
839	0.0
840	2.0
841	2.0
842	4.0
843	2.0
844	2.0
845	2.0
846	5.0
847	0.0
848	3.0
849	0.0
850	2.0
851	3.0
852	4.0
853	3.0
854	1.0
855	4.0
856	4.0
857	0.0
858	2.0
859	1.0
860	0.0
861	3.0
862	2.0
863	0.0
864	1.0
865	2.0
866	1.0
867	2.0
868	1.0
869	3.0
870	1.0
871	4.0
872	1.0
873	1.0
874	3.0
875	4.0
876	3.0
877	1.0
878	3.0
879	6.0
880	1.0
881	1.0
882	3.0
883	2.0
884	3.0
885	7.0
886	1.0
887	2.0
888	5.0
889	4.0
890	4.0
891	1.0
892	2.0
893	0.0
894	2.0
895	1.0
896	1.0
897	1.0
898	4.0
899	1.0
900	2.0
901	1.0
902	1.0
903	1.0
904	3.0
905	0.0
906	2.0
907	2.0
908	2.0
909	2.0
910	1.0
911	2.0
912	0.0
913	1.0
914	1.0
915	6.0
916	1.0
917	0.0
918	1.0
919	2.0
920	2.0
921	2.0
922	2.0
923	6.0
924	2.0
925	0.0
926	0.0
927	2.0
928	2.0
929	1.0
930	1.0
931	6.0
932	1.0
933	1.0
934	2.0
935	2.0
936	3.0
937	2.0
938	3.0
939	5.0
940	2.0
941	4.0
942	1.0
943	1.0
944	2.0
945	1.0
946	4.0
947	3.0
948	2.0
949	2.0
950	1.0
951	1.0
952	4.0
953	2.0
954	1.0
955	4.0
956	2.0
957	3.0
958	1.0
959	1.0
960	2.0
961	2.0
962	0.0
963	1.0
964	0.0
965	2.0
966	2.0
967	2.0
968	0.0
969	1.0
970	1.0
971	2.0
972	4.0
973	1.0
974	1.0
975	0.0
976	0.0
977	5.0
978	1.0
979	2.0
980	2.0
981	0.0
982	3.0
983	0.0
984	4.0
985	3.0
986	2.0
987	0.0
988	2.0
989	0.0
990	2.0
991	3.0
992	4.0
993	2.0
994	2.0
995	0.0
996	3.0
997	1.0
998	1.0
999	2.0
1000	2.0
1001	0.0
1002	3.0
1003	1.0
1004	3.0
1005	0.0
1006	1.0
1007	3.0
1008	1.0
1009	0.0
1010	0.0
1011	0.0
1012	0.0
1013	0.0
1014	0.0
1015	0.0
1016	0.0
1017	0.0
1018	0.0
1019	0.0
1020	0.0
1021	0.0
1022	0.0
1023	0.0
1024	0.0
