Channel No.	Counts
1	0.0
2	1.0
3	308876.0
4	963161.0
5	227132.0
6	118768.0
7	43069.0
8	11075.0
9	5085.0
10	2652.0
11	946.0
12	172.0
13	20.0
14	6.0
15	7.0
16	7.0
17	3.0
18	2.0
19	4.0
20	4.0
21	4.0
22	6.0
23	6.0
24	2.0
25	4.0
26	6.0
27	1.0
28	5.0
29	5.0
30	4.0
31	7.0
32	7.0
33	4.0
34	4.0
35	4.0
36	1.0
37	4.0
38	6.0
39	6.0
40	2.0
41	4.0
42	1.0
43	1.0
44	2.0
45	9.0
46	4.0
47	7.0
48	5.0
49	4.0
50	5.0
51	5.0
52	6.0
53	3.0
54	3.0
55	2.0
56	5.0
57	6.0
58	5.0
59	5.0
60	0.0
61	4.0
62	6.0
63	1.0
64	5.0
65	1.0
66	4.0
67	6.0
68	5.0
69	8.0
70	5.0
71	5.0
72	2.0
73	5.0
74	3.0
75	2.0
76	4.0
77	3.0
78	3.0
79	2.0
80	0.0
81	4.0
82	6.0
83	2.0
84	7.0
85	4.0
86	4.0
87	11.0
88	3.0
89	3.0
90	6.0
91	6.0
92	8.0
93	3.0
94	4.0
95	4.0
96	6.0
97	12.0
98	7.0
99	6.0
100	9.0
101	7.0
102	5.0
103	8.0
104	6.0
105	8.0
106	9.0
107	6.0
108	3.0
109	6.0
110	6.0
111	8.0
112	9.0
113	8.0
114	10.0
115	8.0
116	8.0
117	5.0
118	6.0
119	8.0
120	8.0
121	7.0
122	1.0
123	7.0
124	10.0
125	4.0
126	6.0
127	6.0
128	7.0
129	4.0
130	3.0
131	3.0
132	8.0
133	7.0
134	5.0
135	7.0
136	6.0
137	5.0
138	3.0
139	6.0
140	3.0
141	4.0
142	3.0
143	5.0
144	7.0
145	6.0
146	5.0
147	7.0
148	4.0
149	5.0
150	1.0
151	6.0
152	5.0
153	4.0
154	8.0
155	5.0
156	3.0
157	2.0
158	4.0
159	4.0
160	8.0
161	4.0
162	1.0
163	8.0
164	6.0
165	7.0
166	7.0
167	7.0
168	8.0
169	4.0
170	3.0
171	1.0
172	3.0
173	2.0
174	2.0
175	7.0
176	11.0
177	8.0
178	6.0
179	8.0
180	4.0
181	4.0
182	5.0
183	5.0
184	10.0
185	3.0
186	10.0
187	2.0
188	4.0
189	4.0
190	6.0
191	5.0
192	3.0
193	7.0
194	6.0
195	3.0
196	6.0
197	4.0
198	5.0
199	3.0
200	8.0
201	0.0
202	6.0
203	5.0
204	6.0
205	4.0
206	1.0
207	5.0
208	3.0
209	9.0
210	6.0
211	7.0
212	6.0
213	3.0
214	5.0
215	4.0
216	4.0
217	3.0
218	2.0
219	5.0
220	6.0
221	1.0
222	8.0
223	7.0
224	7.0
225	4.0
226	9.0
227	2.0
228	9.0
229	4.0
230	5.0
231	6.0
232	3.0
233	5.0
234	3.0
235	10.0
236	6.0
237	1.0
238	3.0
239	2.0
240	3.0
241	2.0
242	5.0
243	2.0
244	5.0
245	2.0
246	2.0
247	7.0
248	8.0
249	3.0
250	5.0
251	7.0
252	8.0
253	8.0
254	4.0
255	1.0
256	4.0
257	3.0
258	3.0
259	6.0
260	4.0
261	3.0
262	7.0
263	7.0
264	5.0
265	2.0
266	2.0
267	5.0
268	4.0
269	6.0
270	2.0
271	2.0
272	2.0
273	4.0
274	5.0
275	2.0
276	8.0
277	3.0
278	3.0
279	6.0
280	5.0
281	7.0
282	3.0
283	3.0
284	5.0
285	2.0
286	6.0
287	6.0
288	5.0
289	5.0
290	7.0
291	2.0
292	4.0
293	3.0
294	5.0
295	9.0
296	2.0
297	5.0
298	8.0
299	4.0
300	7.0
301	5.0
302	3.0
303	5.0
304	6.0
305	6.0
306	4.0
307	4.0
308	3.0
309	6.0
310	6.0
311	7.0
312	5.0
313	2.0
314	5.0
315	4.0
316	4.0
317	5.0
318	3.0
319	5.0
320	5.0
321	3.0
322	8.0
323	6.0
324	9.0
325	7.0
326	5.0
327	3.0
328	12.0
329	4.0
330	4.0
331	1.0
332	1.0
333	5.0
334	2.0
335	3.0
336	2.0
337	4.0
338	5.0
339	3.0
340	4.0
341	2.0
342	3.0
343	3.0
344	7.0
345	7.0
346	5.0
347	3.0
348	7.0
349	2.0
350	5.0
351	7.0
352	4.0
353	2.0
354	1.0
355	4.0
356	5.0
357	6.0
358	1.0
359	2.0
360	2.0
361	2.0
362	3.0
363	9.0
364	3.0
365	2.0
366	6.0
367	3.0
368	3.0
369	1.0
370	2.0
371	5.0
372	1.0
373	5.0
374	7.0
375	3.0
376	1.0
377	3.0
378	4.0
379	7.0
380	2.0
381	5.0
382	7.0
383	1.0
384	2.0
385	9.0
386	6.0
387	8.0
388	2.0
389	11.0
390	3.0
391	3.0
392	3.0
393	5.0
394	1.0
395	4.0
396	6.0
397	3.0
398	9.0
399	5.0
400	3.0
401	5.0
402	4.0
403	3.0
404	7.0
405	4.0
406	5.0
407	4.0
408	3.0
409	2.0
410	5.0
411	2.0
412	3.0
413	2.0
414	4.0
415	5.0
416	4.0
417	3.0
418	1.0
419	5.0
420	3.0
421	4.0
422	3.0
423	3.0
424	2.0
425	1.0
426	3.0
427	5.0
428	3.0
429	5.0
430	2.0
431	2.0
432	3.0
433	4.0
434	7.0
435	3.0
436	5.0
437	5.0
438	5.0
439	6.0
440	3.0
441	5.0
442	3.0
443	2.0
444	3.0
445	4.0
446	3.0
447	4.0
448	1.0
449	5.0
450	3.0
451	4.0
452	3.0
453	5.0
454	2.0
455	8.0
456	2.0
457	6.0
458	4.0
459	2.0
460	4.0
461	4.0
462	5.0
463	3.0
464	2.0
465	4.0
466	5.0
467	3.0
468	2.0
469	5.0
470	3.0
471	3.0
472	6.0
473	2.0
474	3.0
475	5.0
476	2.0
477	6.0
478	2.0
479	2.0
480	3.0
481	2.0
482	4.0
483	1.0
484	2.0
485	2.0
486	0.0
487	1.0
488	1.0
489	4.0
490	5.0
491	2.0
492	3.0
493	5.0
494	2.0
495	1.0
496	2.0
497	2.0
498	7.0
499	2.0
500	1.0
501	2.0
502	4.0
503	1.0
504	1.0
505	3.0
506	3.0
507	2.0
508	4.0
509	2.0
510	5.0
511	5.0
512	1.0
513	3.0
514	5.0
515	2.0
516	0.0
517	3.0
518	2.0
519	4.0
520	6.0
521	5.0
522	3.0
523	6.0
524	5.0
525	7.0
526	7.0
527	3.0
528	4.0
529	3.0
530	2.0
531	2.0
532	3.0
533	4.0
534	4.0
535	3.0
536	4.0
537	3.0
538	3.0
539	4.0
540	2.0
541	1.0
542	0.0
543	4.0
544	1.0
545	3.0
546	2.0
547	7.0
548	3.0
549	2.0
550	2.0
551	4.0
552	3.0
553	4.0
554	6.0
555	2.0
556	1.0
557	1.0
558	3.0
559	1.0
560	2.0
561	1.0
562	2.0
563	4.0
564	4.0
565	3.0
566	2.0
567	0.0
568	2.0
569	3.0
570	7.0
571	1.0
572	3.0
573	4.0
574	2.0
575	6.0
576	5.0
577	4.0
578	0.0
579	0.0
580	1.0
581	0.0
582	2.0
583	3.0
584	1.0
585	4.0
586	4.0
587	1.0
588	2.0
589	3.0
590	5.0
591	2.0
592	4.0
593	3.0
594	5.0
595	2.0
596	2.0
597	3.0
598	2.0
599	1.0
600	3.0
601	1.0
602	4.0
603	1.0
604	3.0
605	1.0
606	4.0
607	4.0
608	3.0
609	3.0
610	3.0
611	2.0
612	1.0
613	2.0
614	4.0
615	2.0
616	3.0
617	4.0
618	2.0
619	2.0
620	1.0
621	3.0
622	3.0
623	2.0
624	5.0
625	3.0
626	3.0
627	5.0
628	4.0
629	2.0
630	2.0
631	2.0
632	4.0
633	6.0
634	2.0
635	3.0
636	6.0
637	3.0
638	3.0
639	5.0
640	0.0
641	3.0
642	4.0
643	3.0
644	3.0
645	5.0
646	3.0
647	3.0
648	4.0
649	2.0
650	1.0
651	7.0
652	3.0
653	2.0
654	8.0
655	4.0
656	3.0
657	4.0
658	2.0
659	4.0
660	1.0
661	2.0
662	3.0
663	2.0
664	3.0
665	4.0
666	3.0
667	1.0
668	0.0
669	2.0
670	1.0
671	7.0
672	2.0
673	1.0
674	1.0
675	1.0
676	8.0
677	4.0
678	3.0
679	2.0
680	0.0
681	0.0
682	3.0
683	3.0
684	4.0
685	1.0
686	2.0
687	4.0
688	2.0
689	5.0
690	4.0
691	2.0
692	7.0
693	2.0
694	3.0
695	3.0
696	7.0
697	2.0
698	1.0
699	5.0
700	0.0
701	1.0
702	2.0
703	2.0
704	2.0
705	2.0
706	2.0
707	5.0
708	6.0
709	3.0
710	2.0
711	4.0
712	2.0
713	4.0
714	5.0
715	2.0
716	3.0
717	3.0
718	4.0
719	4.0
720	4.0
721	4.0
722	4.0
723	5.0
724	2.0
725	6.0
726	2.0
727	4.0
728	5.0
729	5.0
730	7.0
731	2.0
732	5.0
733	3.0
734	0.0
735	1.0
736	3.0
737	1.0
738	1.0
739	2.0
740	2.0
741	2.0
742	3.0
743	0.0
744	5.0
745	0.0
746	2.0
747	3.0
748	2.0
749	3.0
750	2.0
751	4.0
752	2.0
753	5.0
754	2.0
755	1.0
756	4.0
757	5.0
758	1.0
759	5.0
760	1.0
761	5.0
762	3.0
763	3.0
764	0.0
765	5.0
766	3.0
767	3.0
768	0.0
769	3.0
770	2.0
771	4.0
772	3.0
773	3.0
774	3.0
775	5.0
776	5.0
777	4.0
778	5.0
779	2.0
780	1.0
781	2.0
782	1.0
783	0.0
784	1.0
785	4.0
786	1.0
787	2.0
788	1.0
789	2.0
790	6.0
791	0.0
792	3.0
793	4.0
794	2.0
795	4.0
796	2.0
797	1.0
798	3.0
799	4.0
800	4.0
801	1.0
802	2.0
803	1.0
804	0.0
805	2.0
806	2.0
807	4.0
808	3.0
809	3.0
810	3.0
811	4.0
812	1.0
813	4.0
814	1.0
815	2.0
816	6.0
817	3.0
818	2.0
819	4.0
820	1.0
821	2.0
822	5.0
823	1.0
824	2.0
825	2.0
826	0.0
827	1.0
828	4.0
829	3.0
830	1.0
831	2.0
832	4.0
833	1.0
834	4.0
835	3.0
836	4.0
837	2.0
838	2.0
839	4.0
840	5.0
841	3.0
842	1.0
843	1.0
844	2.0
845	1.0
846	0.0
847	3.0
848	0.0
849	4.0
850	1.0
851	2.0
852	2.0
853	2.0
854	3.0
855	5.0
856	3.0
857	1.0
858	0.0
859	2.0
860	0.0
861	1.0
862	2.0
863	0.0
864	6.0
865	4.0
866	3.0
867	1.0
868	2.0
869	1.0
870	3.0
871	2.0
872	2.0
873	2.0
874	3.0
875	2.0
876	2.0
877	5.0
878	3.0
879	3.0
880	5.0
881	3.0
882	3.0
883	2.0
884	1.0
885	5.0
886	4.0
887	2.0
888	3.0
889	1.0
890	3.0
891	2.0
892	5.0
893	2.0
894	2.0
895	2.0
896	2.0
897	1.0
898	4.0
899	3.0
900	2.0
901	2.0
902	1.0
903	1.0
904	0.0
905	2.0
906	3.0
907	2.0
908	3.0
909	0.0
910	1.0
911	3.0
912	1.0
913	2.0
914	4.0
915	1.0
916	1.0
917	3.0
918	3.0
919	2.0
920	3.0
921	1.0
922	1.0
923	1.0
924	3.0
925	1.0
926	3.0
927	2.0
928	1.0
929	4.0
930	2.0
931	1.0
932	2.0
933	5.0
934	2.0
935	1.0
936	2.0
937	2.0
938	2.0
939	0.0
940	0.0
941	2.0
942	1.0
943	2.0
944	1.0
945	0.0
946	2.0
947	1.0
948	2.0
949	3.0
950	2.0
951	0.0
952	3.0
953	1.0
954	3.0
955	1.0
956	1.0
957	2.0
958	3.0
959	1.0
960	0.0
961	2.0
962	1.0
963	2.0
964	2.0
965	3.0
966	0.0
967	4.0
968	2.0
969	1.0
970	1.0
971	1.0
972	1.0
973	1.0
974	1.0
975	3.0
976	3.0
977	3.0
978	3.0
979	3.0
980	1.0
981	1.0
982	4.0
983	1.0
984	1.0
985	0.0
986	0.0
987	2.0
988	2.0
989	2.0
990	2.0
991	2.0
992	1.0
993	4.0
994	1.0
995	2.0
996	1.0
997	1.0
998	1.0
999	3.0
1000	1.0
1001	1.0
1002	2.0
1003	1.0
1004	0.0
1005	1.0
1006	3.0
1007	1.0
1008	2.0
1009	0.0
1010	0.0
1011	0.0
1012	0.0
1013	0.0
1014	0.0
1015	0.0
1016	0.0
1017	0.0
1018	0.0
1019	0.0
1020	0.0
1021	0.0
1022	0.0
1023	0.0
1024	0.0
