Channel No.	Counts
1	0.0
2	1.0
3	344464.0
4	1152502.0
5	297293.0
6	199799.0
7	103998.0
8	35986.0
9	11996.0
10	5511.0
11	2879.0
12	1111.0
13	239.0
14	29.0
15	10.0
16	7.0
17	13.0
18	4.0
19	5.0
20	10.0
21	8.0
22	6.0
23	9.0
24	5.0
25	12.0
26	9.0
27	15.0
28	6.0
29	3.0
30	9.0
31	14.0
32	14.0
33	10.0
34	7.0
35	2.0
36	9.0
37	5.0
38	14.0
39	11.0
40	7.0
41	6.0
42	11.0
43	8.0
44	11.0
45	11.0
46	5.0
47	13.0
48	15.0
49	8.0
50	13.0
51	5.0
52	15.0
53	8.0
54	7.0
55	8.0
56	4.0
57	9.0
58	14.0
59	7.0
60	7.0
61	6.0
62	11.0
63	7.0
64	6.0
65	9.0
66	10.0
67	12.0
68	8.0
69	6.0
70	13.0
71	12.0
72	16.0
73	9.0
74	8.0
75	13.0
76	10.0
77	11.0
78	12.0
79	7.0
80	10.0
81	7.0
82	9.0
83	12.0
84	8.0
85	11.0
86	13.0
87	12.0
88	13.0
89	14.0
90	12.0
91	12.0
92	9.0
93	11.0
94	9.0
95	8.0
96	14.0
97	15.0
98	10.0
99	13.0
100	8.0
101	12.0
102	15.0
103	10.0
104	12.0
105	17.0
106	17.0
107	11.0
108	9.0
109	8.0
110	10.0
111	19.0
112	13.0
113	7.0
114	8.0
115	17.0
116	10.0
117	17.0
118	13.0
119	19.0
120	13.0
121	17.0
122	14.0
123	15.0
124	11.0
125	11.0
126	10.0
127	18.0
128	16.0
129	12.0
130	8.0
131	16.0
132	13.0
133	18.0
134	12.0
135	12.0
136	15.0
137	11.0
138	10.0
139	14.0
140	13.0
141	10.0
142	8.0
143	10.0
144	11.0
145	11.0
146	4.0
147	14.0
148	8.0
149	8.0
150	9.0
151	10.0
152	11.0
153	4.0
154	12.0
155	8.0
156	8.0
157	13.0
158	10.0
159	3.0
160	12.0
161	9.0
162	10.0
163	10.0
164	17.0
165	15.0
166	11.0
167	11.0
168	6.0
169	15.0
170	7.0
171	9.0
172	15.0
173	11.0
174	8.0
175	16.0
176	13.0
177	18.0
178	10.0
179	12.0
180	11.0
181	10.0
182	16.0
183	12.0
184	11.0
185	9.0
186	15.0
187	15.0
188	12.0
189	12.0
190	13.0
191	9.0
192	14.0
193	7.0
194	10.0
195	12.0
196	9.0
197	14.0
198	14.0
199	10.0
200	12.0
201	16.0
202	7.0
203	8.0
204	14.0
205	14.0
206	12.0
207	12.0
208	12.0
209	11.0
210	16.0
211	9.0
212	14.0
213	9.0
214	15.0
215	7.0
216	13.0
217	15.0
218	14.0
219	16.0
220	10.0
221	11.0
222	10.0
223	9.0
224	17.0
225	16.0
226	16.0
227	17.0
228	14.0
229	13.0
230	14.0
231	11.0
232	15.0
233	15.0
234	12.0
235	10.0
236	13.0
237	19.0
238	16.0
239	6.0
240	22.0
241	14.0
242	6.0
243	17.0
244	13.0
245	11.0
246	13.0
247	10.0
248	12.0
249	17.0
250	13.0
251	15.0
252	10.0
253	10.0
254	11.0
255	15.0
256	8.0
257	16.0
258	12.0
259	12.0
260	14.0
261	14.0
262	16.0
263	12.0
264	16.0
265	13.0
266	7.0
267	14.0
268	10.0
269	18.0
270	12.0
271	10.0
272	9.0
273	16.0
274	15.0
275	12.0
276	13.0
277	11.0
278	13.0
279	14.0
280	9.0
281	14.0
282	9.0
283	9.0
284	7.0
285	10.0
286	9.0
287	5.0
288	14.0
289	8.0
290	6.0
291	14.0
292	16.0
293	9.0
294	9.0
295	16.0
296	19.0
297	10.0
298	22.0
299	21.0
300	19.0
301	11.0
302	20.0
303	10.0
304	18.0
305	10.0
306	7.0
307	12.0
308	9.0
309	14.0
310	12.0
311	7.0
312	11.0
313	12.0
314	10.0
315	8.0
316	8.0
317	10.0
318	12.0
319	11.0
320	14.0
321	15.0
322	11.0
323	7.0
324	11.0
325	13.0
326	10.0
327	9.0
328	12.0
329	14.0
330	10.0
331	18.0
332	12.0
333	15.0
334	9.0
335	7.0
336	10.0
337	9.0
338	12.0
339	5.0
340	8.0
341	10.0
342	10.0
343	13.0
344	12.0
345	13.0
346	11.0
347	9.0
348	13.0
349	13.0
350	8.0
351	14.0
352	8.0
353	13.0
354	5.0
355	11.0
356	7.0
357	7.0
358	11.0
359	11.0
360	12.0
361	14.0
362	9.0
363	7.0
364	13.0
365	13.0
366	9.0
367	9.0
368	9.0
369	12.0
370	8.0
371	7.0
372	8.0
373	3.0
374	19.0
375	17.0
376	13.0
377	12.0
378	10.0
379	10.0
380	16.0
381	10.0
382	14.0
383	7.0
384	10.0
385	10.0
386	13.0
387	17.0
388	8.0
389	11.0
390	12.0
391	6.0
392	12.0
393	8.0
394	17.0
395	8.0
396	10.0
397	9.0
398	11.0
399	14.0
400	8.0
401	9.0
402	9.0
403	5.0
404	16.0
405	4.0
406	9.0
407	15.0
408	10.0
409	6.0
410	8.0
411	9.0
412	7.0
413	8.0
414	10.0
415	9.0
416	9.0
417	9.0
418	9.0
419	8.0
420	10.0
421	12.0
422	12.0
423	11.0
424	9.0
425	14.0
426	6.0
427	9.0
428	9.0
429	10.0
430	6.0
431	10.0
432	10.0
433	14.0
434	6.0
435	6.0
436	11.0
437	6.0
438	9.0
439	5.0
440	3.0
441	10.0
442	6.0
443	9.0
444	9.0
445	6.0
446	9.0
447	15.0
448	8.0
449	7.0
450	7.0
451	9.0
452	8.0
453	3.0
454	8.0
455	13.0
456	9.0
457	5.0
458	10.0
459	11.0
460	14.0
461	7.0
462	8.0
463	11.0
464	10.0
465	11.0
466	10.0
467	8.0
468	9.0
469	11.0
470	13.0
471	8.0
472	4.0
473	10.0
474	7.0
475	8.0
476	10.0
477	4.0
478	7.0
479	6.0
480	9.0
481	5.0
482	9.0
483	9.0
484	5.0
485	6.0
486	7.0
487	5.0
488	5.0
489	12.0
490	10.0
491	6.0
492	9.0
493	9.0
494	14.0
495	7.0
496	8.0
497	7.0
498	5.0
499	4.0
500	4.0
501	9.0
502	11.0
503	7.0
504	1.0
505	6.0
506	6.0
507	9.0
508	10.0
509	9.0
510	10.0
511	6.0
512	10.0
513	11.0
514	6.0
515	7.0
516	9.0
517	9.0
518	4.0
519	5.0
520	6.0
521	12.0
522	8.0
523	6.0
524	8.0
525	5.0
526	5.0
527	1.0
528	11.0
529	2.0
530	10.0
531	8.0
532	8.0
533	7.0
534	6.0
535	5.0
536	6.0
537	5.0
538	8.0
539	6.0
540	6.0
541	9.0
542	7.0
543	6.0
544	9.0
545	8.0
546	9.0
547	8.0
548	5.0
549	9.0
550	11.0
551	9.0
552	9.0
553	5.0
554	11.0
555	10.0
556	5.0
557	9.0
558	6.0
559	5.0
560	13.0
561	4.0
562	6.0
563	5.0
564	6.0
565	6.0
566	8.0
567	9.0
568	6.0
569	4.0
570	8.0
571	8.0
572	3.0
573	4.0
574	12.0
575	13.0
576	5.0
577	11.0
578	7.0
579	7.0
580	8.0
581	7.0
582	11.0
583	10.0
584	8.0
585	13.0
586	3.0
587	6.0
588	9.0
589	7.0
590	7.0
591	6.0
592	6.0
593	11.0
594	14.0
595	6.0
596	6.0
597	11.0
598	12.0
599	7.0
600	6.0
601	9.0
602	7.0
603	7.0
604	9.0
605	6.0
606	14.0
607	6.0
608	12.0
609	7.0
610	10.0
611	6.0
612	12.0
613	12.0
614	8.0
615	7.0
616	13.0
617	7.0
618	12.0
619	12.0
620	8.0
621	8.0
622	4.0
623	12.0
624	9.0
625	15.0
626	16.0
627	9.0
628	8.0
629	17.0
630	22.0
631	15.0
632	11.0
633	12.0
634	10.0
635	22.0
636	11.0
637	13.0
638	15.0
639	11.0
640	15.0
641	10.0
642	15.0
643	16.0
644	12.0
645	11.0
646	19.0
647	20.0
648	16.0
649	12.0
650	11.0
651	18.0
652	23.0
653	11.0
654	23.0
655	17.0
656	10.0
657	22.0
658	12.0
659	16.0
660	17.0
661	22.0
662	13.0
663	22.0
664	10.0
665	23.0
666	23.0
667	16.0
668	22.0
669	18.0
670	20.0
671	18.0
672	26.0
673	24.0
674	22.0
675	13.0
676	24.0
677	20.0
678	20.0
679	19.0
680	17.0
681	28.0
682	17.0
683	18.0
684	26.0
685	24.0
686	15.0
687	23.0
688	15.0
689	22.0
690	22.0
691	20.0
692	21.0
693	18.0
694	15.0
695	21.0
696	29.0
697	23.0
698	23.0
699	17.0
700	22.0
701	22.0
702	19.0
703	17.0
704	18.0
705	20.0
706	15.0
707	19.0
708	18.0
709	25.0
710	12.0
711	14.0
712	15.0
713	22.0
714	20.0
715	19.0
716	11.0
717	19.0
718	16.0
719	18.0
720	18.0
721	19.0
722	17.0
723	18.0
724	16.0
725	20.0
726	15.0
727	15.0
728	13.0
729	11.0
730	14.0
731	17.0
732	7.0
733	15.0
734	16.0
735	18.0
736	22.0
737	16.0
738	9.0
739	9.0
740	11.0
741	7.0
742	12.0
743	6.0
744	13.0
745	9.0
746	9.0
747	8.0
748	10.0
749	8.0
750	12.0
751	12.0
752	10.0
753	7.0
754	4.0
755	7.0
756	8.0
757	6.0
758	8.0
759	12.0
760	5.0
761	10.0
762	8.0
763	9.0
764	9.0
765	4.0
766	3.0
767	10.0
768	7.0
769	7.0
770	4.0
771	11.0
772	8.0
773	6.0
774	6.0
775	10.0
776	5.0
777	8.0
778	6.0
779	7.0
780	6.0
781	5.0
782	6.0
783	7.0
784	4.0
785	4.0
786	8.0
787	6.0
788	5.0
789	11.0
790	3.0
791	4.0
792	6.0
793	4.0
794	4.0
795	7.0
796	8.0
797	3.0
798	10.0
799	9.0
800	4.0
801	11.0
802	5.0
803	5.0
804	7.0
805	5.0
806	8.0
807	6.0
808	3.0
809	5.0
810	10.0
811	9.0
812	6.0
813	5.0
814	7.0
815	6.0
816	4.0
817	4.0
818	5.0
819	1.0
820	7.0
821	4.0
822	7.0
823	8.0
824	5.0
825	4.0
826	5.0
827	6.0
828	5.0
829	4.0
830	5.0
831	1.0
832	3.0
833	3.0
834	5.0
835	4.0
836	6.0
837	5.0
838	3.0
839	4.0
840	4.0
841	3.0
842	4.0
843	4.0
844	5.0
845	4.0
846	7.0
847	3.0
848	5.0
849	3.0
850	3.0
851	5.0
852	7.0
853	3.0
854	4.0
855	4.0
856	1.0
857	5.0
858	2.0
859	3.0
860	3.0
861	5.0
862	2.0
863	2.0
864	4.0
865	2.0
866	2.0
867	2.0
868	8.0
869	2.0
870	3.0
871	1.0
872	1.0
873	2.0
874	3.0
875	5.0
876	5.0
877	4.0
878	5.0
879	7.0
880	6.0
881	1.0
882	3.0
883	4.0
884	4.0
885	2.0
886	5.0
887	1.0
888	6.0
889	3.0
890	1.0
891	2.0
892	5.0
893	0.0
894	2.0
895	3.0
896	3.0
897	0.0
898	3.0
899	6.0
900	3.0
901	7.0
902	1.0
903	3.0
904	3.0
905	0.0
906	3.0
907	2.0
908	5.0
909	3.0
910	1.0
911	2.0
912	4.0
913	2.0
914	5.0
915	0.0
916	0.0
917	4.0
918	3.0
919	3.0
920	2.0
921	2.0
922	0.0
923	2.0
924	0.0
925	3.0
926	4.0
927	1.0
928	2.0
929	3.0
930	2.0
931	2.0
932	2.0
933	4.0
934	2.0
935	4.0
936	2.0
937	2.0
938	6.0
939	4.0
940	2.0
941	5.0
942	1.0
943	2.0
944	0.0
945	5.0
946	3.0
947	5.0
948	0.0
949	3.0
950	2.0
951	1.0
952	1.0
953	1.0
954	3.0
955	1.0
956	2.0
957	4.0
958	1.0
959	5.0
960	1.0
961	1.0
962	4.0
963	3.0
964	2.0
965	3.0
966	3.0
967	2.0
968	2.0
969	1.0
970	3.0
971	1.0
972	1.0
973	2.0
974	1.0
975	2.0
976	2.0
977	3.0
978	3.0
979	2.0
980	2.0
981	1.0
982	1.0
983	3.0
984	2.0
985	5.0
986	2.0
987	3.0
988	2.0
989	1.0
990	1.0
991	0.0
992	0.0
993	0.0
994	2.0
995	1.0
996	2.0
997	0.0
998	5.0
999	2.0
1000	1.0
1001	1.0
1002	1.0
1003	4.0
1004	2.0
1005	1.0
1006	1.0
1007	4.0
1008	4.0
1009	0.0
1010	0.0
1011	0.0
1012	0.0
1013	0.0
1014	0.0
1015	0.0
1016	0.0
1017	0.0
1018	0.0
1019	0.0
1020	0.0
1021	0.0
1022	0.0
1023	0.0
1024	0.0
