Channel No.	Counts
1	0.0
2	10.0
3	74502.0
4	302770.0
5	18616.0
6	4262.0
7	1552.0
8	560.0
9	200.0
10	101.0
11	118.0
12	128.0
13	105.0
14	107.0
15	125.0
16	136.0
17	136.0
18	173.0
19	171.0
20	244.0
21	303.0
22	357.0
23	458.0
24	568.0
25	713.0
26	878.0
27	1000.0
28	1129.0
29	1215.0
30	1306.0
31	1410.0
32	1396.0
33	1296.0
34	1255.0
35	1135.0
36	1163.0
37	1067.0
38	1009.0
39	961.0
40	959.0
41	1005.0
42	956.0
43	978.0
44	1031.0
45	1046.0
46	1021.0
47	982.0
48	1014.0
49	968.0
50	996.0
51	894.0
52	817.0
53	808.0
54	691.0
55	651.0
56	540.0
57	517.0
58	442.0
59	394.0
60	332.0
61	304.0
62	295.0
63	250.0
64	246.0
65	243.0
66	232.0
67	238.0
68	234.0
69	242.0
70	240.0
71	263.0
72	274.0
73	281.0
74	318.0
75	386.0
76	443.0
77	502.0
78	586.0
79	646.0
80	823.0
81	930.0
82	1048.0
83	1207.0
84	1405.0
85	1686.0
86	1908.0
87	2157.0
88	2368.0
89	2616.0
90	2848.0
91	3036.0
92	3146.0
93	3292.0
94	3495.0
95	3494.0
96	3668.0
97	3416.0
98	3389.0
99	3249.0
100	3109.0
101	2967.0
102	2732.0
103	2499.0
104	2174.0
105	1982.0
106	1740.0
107	1540.0
108	1289.0
109	1120.0
110	882.0
111	691.0
112	569.0
113	474.0
114	321.0
115	279.0
116	214.0
117	156.0
118	115.0
119	101.0
120	84.0
121	55.0
122	30.0
123	35.0
124	14.0
125	17.0
126	15.0
127	12.0
128	7.0
129	7.0
130	5.0
131	11.0
132	7.0
133	8.0
134	5.0
135	5.0
136	5.0
137	6.0
138	12.0
139	10.0
140	8.0
141	5.0
142	0.0
143	6.0
144	10.0
145	6.0
146	6.0
147	5.0
148	5.0
149	8.0
150	5.0
151	5.0
152	5.0
153	8.0
154	7.0
155	8.0
156	9.0
157	7.0
158	6.0
159	6.0
160	10.0
161	7.0
162	8.0
163	7.0
164	4.0
165	2.0
166	4.0
167	7.0
168	5.0
169	4.0
170	4.0
171	5.0
172	4.0
173	2.0
174	2.0
175	1.0
176	2.0
177	1.0
178	6.0
179	6.0
180	4.0
181	3.0
182	4.0
183	3.0
184	6.0
185	6.0
186	8.0
187	1.0
188	3.0
189	7.0
190	6.0
191	1.0
192	6.0
193	3.0
194	0.0
195	6.0
196	5.0
197	0.0
198	8.0
199	4.0
200	3.0
201	2.0
202	3.0
203	1.0
204	2.0
205	0.0
206	1.0
207	2.0
208	2.0
209	0.0
210	2.0
211	2.0
212	1.0
213	3.0
214	0.0
215	1.0
216	1.0
217	4.0
218	1.0
219	2.0
220	3.0
221	1.0
222	0.0
223	3.0
224	3.0
225	2.0
226	4.0
227	2.0
228	1.0
229	5.0
230	2.0
231	2.0
232	8.0
233	1.0
234	2.0
235	2.0
236	0.0
237	1.0
238	1.0
239	0.0
240	1.0
241	0.0
242	4.0
243	1.0
244	3.0
245	0.0
246	5.0
247	0.0
248	0.0
249	0.0
250	1.0
251	2.0
252	4.0
253	2.0
254	0.0
255	3.0
256	2.0
257	3.0
258	0.0
259	1.0
260	1.0
261	5.0
262	2.0
263	1.0
264	0.0
265	2.0
266	1.0
267	0.0
268	2.0
269	0.0
270	0.0
271	1.0
272	2.0
273	1.0
274	1.0
275	0.0
276	3.0
277	0.0
278	1.0
279	2.0
280	1.0
281	2.0
282	1.0
283	3.0
284	0.0
285	1.0
286	0.0
287	3.0
288	2.0
289	2.0
290	0.0
291	1.0
292	2.0
293	1.0
294	2.0
295	2.0
296	3.0
297	1.0
298	2.0
299	1.0
300	1.0
301	0.0
302	1.0
303	3.0
304	1.0
305	0.0
306	1.0
307	2.0
308	1.0
309	1.0
310	3.0
311	1.0
312	0.0
313	1.0
314	1.0
315	0.0
316	1.0
317	0.0
318	1.0
319	2.0
320	2.0
321	1.0
322	1.0
323	0.0
324	3.0
325	0.0
326	1.0
327	2.0
328	0.0
329	0.0
330	0.0
331	0.0
332	4.0
333	2.0
334	2.0
335	3.0
336	1.0
337	2.0
338	3.0
339	0.0
340	1.0
341	1.0
342	1.0
343	2.0
344	0.0
345	1.0
346	2.0
347	1.0
348	0.0
349	1.0
350	1.0
351	2.0
352	1.0
353	0.0
354	0.0
355	2.0
356	1.0
357	1.0
358	0.0
359	2.0
360	1.0
361	1.0
362	3.0
363	2.0
364	2.0
365	0.0
366	1.0
367	0.0
368	3.0
369	1.0
370	0.0
371	2.0
372	2.0
373	2.0
374	1.0
375	1.0
376	2.0
377	0.0
378	0.0
379	2.0
380	0.0
381	1.0
382	2.0
383	0.0
384	1.0
385	0.0
386	2.0
387	5.0
388	0.0
389	1.0
390	0.0
391	3.0
392	1.0
393	3.0
394	1.0
395	0.0
396	1.0
397	2.0
398	1.0
399	0.0
400	1.0
401	4.0
402	0.0
403	1.0
404	1.0
405	0.0
406	1.0
407	2.0
408	0.0
409	1.0
410	0.0
411	0.0
412	1.0
413	0.0
414	0.0
415	0.0
416	0.0
417	0.0
418	1.0
419	2.0
420	1.0
421	0.0
422	1.0
423	1.0
424	2.0
425	2.0
426	0.0
427	1.0
428	0.0
429	1.0
430	2.0
431	1.0
432	0.0
433	1.0
434	1.0
435	0.0
436	1.0
437	1.0
438	0.0
439	2.0
440	0.0
441	0.0
442	0.0
443	0.0
444	1.0
445	0.0
446	1.0
447	2.0
448	2.0
449	0.0
450	1.0
451	0.0
452	0.0
453	0.0
454	1.0
455	0.0
456	1.0
457	1.0
458	0.0
459	1.0
460	0.0
461	2.0
462	0.0
463	0.0
464	0.0
465	0.0
466	0.0
467	4.0
468	1.0
469	0.0
470	0.0
471	0.0
472	0.0
473	2.0
474	1.0
475	0.0
476	0.0
477	3.0
478	1.0
479	0.0
480	0.0
481	1.0
482	1.0
483	2.0
484	0.0
485	0.0
486	0.0
487	2.0
488	2.0
489	1.0
490	2.0
491	1.0
492	0.0
493	0.0
494	1.0
495	0.0
496	1.0
497	2.0
498	0.0
499	2.0
500	1.0
501	1.0
502	1.0
503	3.0
504	0.0
505	1.0
506	0.0
507	1.0
508	0.0
509	0.0
510	1.0
511	2.0
512	3.0
513	1.0
514	1.0
515	0.0
516	0.0
517	1.0
518	4.0
519	1.0
520	1.0
521	2.0
522	1.0
523	1.0
524	1.0
525	2.0
526	1.0
527	0.0
528	1.0
529	0.0
530	1.0
531	1.0
532	1.0
533	0.0
534	0.0
535	0.0
536	0.0
537	0.0
538	1.0
539	0.0
540	2.0
541	2.0
542	0.0
543	1.0
544	1.0
545	0.0
546	0.0
547	0.0
548	2.0
549	2.0
550	0.0
551	2.0
552	0.0
553	0.0
554	0.0
555	1.0
556	1.0
557	0.0
558	1.0
559	0.0
560	0.0
561	1.0
562	1.0
563	2.0
564	1.0
565	1.0
566	0.0
567	0.0
568	3.0
569	0.0
570	1.0
571	2.0
572	1.0
573	1.0
574	0.0
575	1.0
576	1.0
577	1.0
578	0.0
579	1.0
580	1.0
581	1.0
582	0.0
583	1.0
584	0.0
585	2.0
586	1.0
587	1.0
588	1.0
589	0.0
590	1.0
591	4.0
592	0.0
593	0.0
594	1.0
595	0.0
596	1.0
597	2.0
598	2.0
599	0.0
600	2.0
601	1.0
602	0.0
603	0.0
604	1.0
605	1.0
606	2.0
607	0.0
608	1.0
609	0.0
610	2.0
611	0.0
612	2.0
613	0.0
614	0.0
615	0.0
616	1.0
617	0.0
618	0.0
619	0.0
620	0.0
621	0.0
622	1.0
623	0.0
624	0.0
625	0.0
626	0.0
627	1.0
628	0.0
629	0.0
630	0.0
631	3.0
632	2.0
633	2.0
634	0.0
635	1.0
636	2.0
637	0.0
638	1.0
639	3.0
640	1.0
641	0.0
642	0.0
643	2.0
644	0.0
645	1.0
646	3.0
647	0.0
648	2.0
649	0.0
650	0.0
651	0.0
652	0.0
653	1.0
654	1.0
655	0.0
656	0.0
657	0.0
658	1.0
659	0.0
660	1.0
661	0.0
662	2.0
663	2.0
664	1.0
665	1.0
666	1.0
667	1.0
668	0.0
669	1.0
670	2.0
671	0.0
672	0.0
673	1.0
674	0.0
675	0.0
676	0.0
677	1.0
678	1.0
679	2.0
680	0.0
681	1.0
682	3.0
683	0.0
684	1.0
685	1.0
686	1.0
687	0.0
688	2.0
689	0.0
690	1.0
691	0.0
692	0.0
693	0.0
694	0.0
695	1.0
696	0.0
697	0.0
698	1.0
699	1.0
700	0.0
701	1.0
702	0.0
703	1.0
704	1.0
705	1.0
706	0.0
707	2.0
708	1.0
709	1.0
710	0.0
711	2.0
712	1.0
713	1.0
714	2.0
715	1.0
716	0.0
717	0.0
718	0.0
719	2.0
720	1.0
721	0.0
722	1.0
723	1.0
724	1.0
725	2.0
726	1.0
727	2.0
728	0.0
729	0.0
730	1.0
731	0.0
732	0.0
733	2.0
734	0.0
735	2.0
736	1.0
737	2.0
738	0.0
739	1.0
740	1.0
741	0.0
742	0.0
743	1.0
744	3.0
745	1.0
746	0.0
747	1.0
748	0.0
749	3.0
750	0.0
751	0.0
752	1.0
753	0.0
754	2.0
755	1.0
756	2.0
757	1.0
758	0.0
759	1.0
760	3.0
761	0.0
762	1.0
763	0.0
764	0.0
765	0.0
766	0.0
767	1.0
768	0.0
769	1.0
770	0.0
771	3.0
772	2.0
773	1.0
774	1.0
775	0.0
776	1.0
777	0.0
778	1.0
779	0.0
780	1.0
781	0.0
782	0.0
783	0.0
784	1.0
785	0.0
786	0.0
787	0.0
788	2.0
789	2.0
790	0.0
791	0.0
792	2.0
793	2.0
794	0.0
795	1.0
796	2.0
797	1.0
798	0.0
799	1.0
800	0.0
801	1.0
802	0.0
803	0.0
804	0.0
805	2.0
806	2.0
807	1.0
808	2.0
809	1.0
810	2.0
811	1.0
812	2.0
813	0.0
814	1.0
815	1.0
816	0.0
817	1.0
818	0.0
819	0.0
820	0.0
821	3.0
822	0.0
823	2.0
824	0.0
825	0.0
826	0.0
827	1.0
828	1.0
829	2.0
830	0.0
831	1.0
832	2.0
833	0.0
834	1.0
835	2.0
836	2.0
837	2.0
838	1.0
839	1.0
840	1.0
841	3.0
842	3.0
843	1.0
844	1.0
845	0.0
846	1.0
847	2.0
848	1.0
849	1.0
850	0.0
851	1.0
852	1.0
853	1.0
854	2.0
855	0.0
856	0.0
857	0.0
858	2.0
859	0.0
860	3.0
861	0.0
862	1.0
863	0.0
864	0.0
865	0.0
866	0.0
867	0.0
868	0.0
869	1.0
870	0.0
871	0.0
872	0.0
873	0.0
874	0.0
875	0.0
876	0.0
877	0.0
878	1.0
879	3.0
880	0.0
881	1.0
882	3.0
883	0.0
884	1.0
885	0.0
886	1.0
887	0.0
888	0.0
889	0.0
890	1.0
891	0.0
892	0.0
893	0.0
894	1.0
895	0.0
896	0.0
897	1.0
898	1.0
899	1.0
900	0.0
901	2.0
902	0.0
903	1.0
904	0.0
905	2.0
906	0.0
907	0.0
908	0.0
909	2.0
910	1.0
911	0.0
912	0.0
913	1.0
914	0.0
915	0.0
916	1.0
917	1.0
918	0.0
919	3.0
920	1.0
921	0.0
922	1.0
923	0.0
924	0.0
925	0.0
926	1.0
927	0.0
928	1.0
929	1.0
930	0.0
931	0.0
932	1.0
933	0.0
934	0.0
935	0.0
936	0.0
937	0.0
938	1.0
939	0.0
940	0.0
941	0.0
942	0.0
943	0.0
944	1.0
945	1.0
946	0.0
947	1.0
948	0.0
949	1.0
950	0.0
951	0.0
952	1.0
953	0.0
954	0.0
955	0.0
956	0.0
957	0.0
958	0.0
959	0.0
960	0.0
961	1.0
962	0.0
963	1.0
964	0.0
965	0.0
966	1.0
967	0.0
968	1.0
969	0.0
970	0.0
971	1.0
972	0.0
973	1.0
974	1.0
975	0.0
976	2.0
977	0.0
978	0.0
979	0.0
980	1.0
981	0.0
982	0.0
983	0.0
984	0.0
985	2.0
986	0.0
987	1.0
988	0.0
989	0.0
990	0.0
991	2.0
992	1.0
993	1.0
994	0.0
995	0.0
996	0.0
997	0.0
998	0.0
999	0.0
1000	0.0
1001	0.0
1002	1.0
1003	0.0
1004	0.0
1005	0.0
1006	0.0
1007	0.0
1008	0.0
1009	0.0
1010	0.0
1011	0.0
1012	0.0
1013	0.0
1014	0.0
1015	0.0
1016	0.0
1017	0.0
1018	0.0
1019	0.0
1020	0.0
1021	0.0
1022	0.0
1023	0.0
1024	0.0
