Channel No.	Counts
1	0.0
2	19.0
3	23910.0
4	761326.0
5	522606.0
6	501399.0
7	385435.0
8	163901.0
9	56641.0
10	31547.0
11	23459.0
12	17895.0
13	13186.0
14	8409.0
15	4641.0
16	2167.0
17	1199.0
18	937.0
19	750.0
20	638.0
21	601.0
22	501.0
23	449.0
24	458.0
25	423.0
26	462.0
27	460.0
28	470.0
29	446.0
30	457.0
31	467.0
32	489.0
33	467.0
34	466.0
35	468.0
36	434.0
37	482.0
38	455.0
39	497.0
40	461.0
41	442.0
42	475.0
43	510.0
44	426.0
45	447.0
46	461.0
47	470.0
48	457.0
49	461.0
50	448.0
51	441.0
52	406.0
53	373.0
54	399.0
55	342.0
56	316.0
57	279.0
58	265.0
59	265.0
60	275.0
61	244.0
62	254.0
63	237.0
64	197.0
65	223.0
66	205.0
67	192.0
68	229.0
69	261.0
70	256.0
71	244.0
72	277.0
73	308.0
74	314.0
75	410.0
76	398.0
77	456.0
78	500.0
79	548.0
80	601.0
81	736.0
82	743.0
83	841.0
84	850.0
85	954.0
86	1026.0
87	1104.0
88	1179.0
89	1191.0
90	1237.0
91	1156.0
92	1229.0
93	1230.0
94	1179.0
95	1261.0
96	1197.0
97	1112.0
98	1123.0
99	1029.0
100	965.0
101	953.0
102	781.0
103	784.0
104	707.0
105	651.0
106	555.0
107	481.0
108	451.0
109	403.0
110	339.0
111	256.0
112	213.0
113	203.0
114	166.0
115	185.0
116	123.0
117	126.0
118	107.0
119	85.0
120	74.0
121	69.0
122	54.0
123	62.0
124	64.0
125	47.0
126	39.0
127	46.0
128	58.0
129	31.0
130	60.0
131	43.0
132	55.0
133	60.0
134	28.0
135	40.0
136	47.0
137	40.0
138	42.0
139	37.0
140	46.0
141	42.0
142	34.0
143	41.0
144	32.0
145	33.0
146	36.0
147	31.0
148	23.0
149	28.0
150	36.0
151	35.0
152	30.0
153	29.0
154	31.0
155	34.0
156	31.0
157	22.0
158	27.0
159	25.0
160	40.0
161	28.0
162	50.0
163	29.0
164	39.0
165	34.0
166	36.0
167	30.0
168	41.0
169	31.0
170	27.0
171	27.0
172	32.0
173	43.0
174	28.0
175	28.0
176	30.0
177	37.0
178	37.0
179	38.0
180	32.0
181	16.0
182	32.0
183	23.0
184	36.0
185	23.0
186	30.0
187	28.0
188	30.0
189	24.0
190	27.0
191	33.0
192	23.0
193	24.0
194	23.0
195	33.0
196	41.0
197	31.0
198	28.0
199	35.0
200	25.0
201	29.0
202	31.0
203	27.0
204	25.0
205	34.0
206	27.0
207	25.0
208	37.0
209	26.0
210	31.0
211	36.0
212	32.0
213	38.0
214	34.0
215	35.0
216	28.0
217	32.0
218	36.0
219	28.0
220	24.0
221	36.0
222	25.0
223	31.0
224	30.0
225	42.0
226	33.0
227	28.0
228	34.0
229	34.0
230	28.0
231	33.0
232	25.0
233	33.0
234	37.0
235	35.0
236	34.0
237	30.0
238	28.0
239	32.0
240	29.0
241	30.0
242	30.0
243	38.0
244	43.0
245	42.0
246	35.0
247	46.0
248	29.0
249	44.0
250	34.0
251	47.0
252	28.0
253	31.0
254	37.0
255	36.0
256	32.0
257	30.0
258	31.0
259	44.0
260	38.0
261	48.0
262	41.0
263	34.0
264	49.0
265	38.0
266	35.0
267	33.0
268	41.0
269	35.0
270	28.0
271	42.0
272	36.0
273	42.0
274	39.0
275	32.0
276	40.0
277	31.0
278	34.0
279	49.0
280	35.0
281	38.0
282	31.0
283	42.0
284	37.0
285	31.0
286	27.0
287	28.0
288	37.0
289	40.0
290	42.0
291	44.0
292	40.0
293	39.0
294	39.0
295	43.0
296	45.0
297	40.0
298	32.0
299	46.0
300	38.0
301	34.0
302	42.0
303	34.0
304	43.0
305	38.0
306	38.0
307	45.0
308	34.0
309	32.0
310	38.0
311	45.0
312	39.0
313	40.0
314	34.0
315	28.0
316	37.0
317	38.0
318	33.0
319	34.0
320	51.0
321	45.0
322	39.0
323	37.0
324	42.0
325	32.0
326	45.0
327	39.0
328	43.0
329	31.0
330	28.0
331	35.0
332	32.0
333	41.0
334	27.0
335	30.0
336	42.0
337	47.0
338	30.0
339	33.0
340	30.0
341	40.0
342	28.0
343	38.0
344	43.0
345	36.0
346	38.0
347	37.0
348	34.0
349	38.0
350	36.0
351	36.0
352	34.0
353	40.0
354	35.0
355	46.0
356	34.0
357	41.0
358	43.0
359	34.0
360	35.0
361	43.0
362	35.0
363	40.0
364	44.0
365	39.0
366	29.0
367	40.0
368	45.0
369	36.0
370	37.0
371	36.0
372	28.0
373	38.0
374	29.0
375	36.0
376	25.0
377	33.0
378	26.0
379	43.0
380	30.0
381	29.0
382	47.0
383	30.0
384	30.0
385	34.0
386	33.0
387	37.0
388	31.0
389	35.0
390	24.0
391	46.0
392	36.0
393	37.0
394	35.0
395	31.0
396	33.0
397	33.0
398	28.0
399	23.0
400	26.0
401	44.0
402	29.0
403	24.0
404	22.0
405	32.0
406	36.0
407	35.0
408	27.0
409	32.0
410	29.0
411	22.0
412	27.0
413	36.0
414	35.0
415	24.0
416	28.0
417	35.0
418	34.0
419	34.0
420	28.0
421	23.0
422	33.0
423	24.0
424	33.0
425	39.0
426	29.0
427	34.0
428	21.0
429	34.0
430	32.0
431	37.0
432	24.0
433	41.0
434	37.0
435	34.0
436	33.0
437	38.0
438	41.0
439	31.0
440	35.0
441	27.0
442	30.0
443	36.0
444	31.0
445	31.0
446	33.0
447	31.0
448	29.0
449	28.0
450	29.0
451	29.0
452	25.0
453	22.0
454	33.0
455	30.0
456	31.0
457	28.0
458	31.0
459	28.0
460	32.0
461	42.0
462	36.0
463	27.0
464	30.0
465	32.0
466	23.0
467	29.0
468	29.0
469	29.0
470	33.0
471	35.0
472	32.0
473	23.0
474	27.0
475	33.0
476	40.0
477	26.0
478	29.0
479	27.0
480	34.0
481	37.0
482	31.0
483	34.0
484	24.0
485	28.0
486	21.0
487	32.0
488	33.0
489	24.0
490	32.0
491	23.0
492	29.0
493	30.0
494	27.0
495	20.0
496	23.0
497	19.0
498	38.0
499	29.0
500	39.0
501	26.0
502	25.0
503	30.0
504	32.0
505	28.0
506	34.0
507	24.0
508	24.0
509	37.0
510	27.0
511	28.0
512	32.0
513	29.0
514	30.0
515	43.0
516	31.0
517	20.0
518	34.0
519	31.0
520	24.0
521	22.0
522	36.0
523	26.0
524	38.0
525	31.0
526	16.0
527	21.0
528	30.0
529	35.0
530	34.0
531	22.0
532	35.0
533	37.0
534	33.0
535	35.0
536	43.0
537	32.0
538	31.0
539	36.0
540	34.0
541	40.0
542	28.0
543	30.0
544	22.0
545	39.0
546	35.0
547	37.0
548	31.0
549	36.0
550	32.0
551	39.0
552	28.0
553	36.0
554	29.0
555	35.0
556	44.0
557	29.0
558	25.0
559	35.0
560	33.0
561	34.0
562	30.0
563	27.0
564	31.0
565	24.0
566	36.0
567	35.0
568	36.0
569	17.0
570	35.0
571	39.0
572	34.0
573	29.0
574	32.0
575	34.0
576	37.0
577	32.0
578	31.0
579	33.0
580	41.0
581	35.0
582	34.0
583	27.0
584	30.0
585	26.0
586	37.0
587	30.0
588	34.0
589	38.0
590	27.0
591	34.0
592	34.0
593	34.0
594	27.0
595	22.0
596	30.0
597	25.0
598	38.0
599	24.0
600	32.0
601	32.0
602	28.0
603	32.0
604	31.0
605	26.0
606	23.0
607	25.0
608	40.0
609	20.0
610	35.0
611	34.0
612	33.0
613	29.0
614	18.0
615	25.0
616	41.0
617	25.0
618	26.0
619	30.0
620	28.0
621	23.0
622	18.0
623	43.0
624	26.0
625	38.0
626	23.0
627	35.0
628	30.0
629	33.0
630	26.0
631	27.0
632	32.0
633	27.0
634	25.0
635	24.0
636	25.0
637	21.0
638	26.0
639	26.0
640	26.0
641	32.0
642	19.0
643	30.0
644	23.0
645	19.0
646	27.0
647	26.0
648	22.0
649	35.0
650	31.0
651	19.0
652	26.0
653	18.0
654	16.0
655	25.0
656	27.0
657	28.0
658	17.0
659	17.0
660	20.0
661	22.0
662	17.0
663	20.0
664	14.0
665	23.0
666	21.0
667	22.0
668	17.0
669	21.0
670	25.0
671	21.0
672	21.0
673	27.0
674	18.0
675	19.0
676	21.0
677	18.0
678	13.0
679	18.0
680	16.0
681	22.0
682	12.0
683	26.0
684	16.0
685	17.0
686	17.0
687	15.0
688	9.0
689	28.0
690	25.0
691	16.0
692	15.0
693	22.0
694	17.0
695	21.0
696	17.0
697	10.0
698	21.0
699	18.0
700	16.0
701	16.0
702	13.0
703	12.0
704	14.0
705	15.0
706	12.0
707	13.0
708	15.0
709	16.0
710	14.0
711	20.0
712	18.0
713	10.0
714	27.0
715	12.0
716	10.0
717	6.0
718	21.0
719	13.0
720	15.0
721	14.0
722	28.0
723	14.0
724	17.0
725	15.0
726	13.0
727	12.0
728	15.0
729	9.0
730	8.0
731	16.0
732	12.0
733	10.0
734	13.0
735	12.0
736	10.0
737	10.0
738	14.0
739	21.0
740	10.0
741	19.0
742	12.0
743	17.0
744	13.0
745	11.0
746	9.0
747	15.0
748	17.0
749	18.0
750	15.0
751	14.0
752	9.0
753	11.0
754	12.0
755	16.0
756	9.0
757	15.0
758	11.0
759	13.0
760	13.0
761	4.0
762	14.0
763	18.0
764	18.0
765	20.0
766	20.0
767	12.0
768	10.0
769	23.0
770	12.0
771	14.0
772	8.0
773	18.0
774	18.0
775	21.0
776	13.0
777	16.0
778	20.0
779	11.0
780	15.0
781	22.0
782	17.0
783	25.0
784	17.0
785	20.0
786	18.0
787	9.0
788	20.0
789	21.0
790	15.0
791	21.0
792	16.0
793	17.0
794	22.0
795	18.0
796	21.0
797	24.0
798	19.0
799	25.0
800	18.0
801	26.0
802	32.0
803	28.0
804	21.0
805	24.0
806	28.0
807	18.0
808	23.0
809	30.0
810	19.0
811	32.0
812	25.0
813	42.0
814	43.0
815	38.0
816	43.0
817	33.0
818	30.0
819	40.0
820	30.0
821	42.0
822	37.0
823	51.0
824	50.0
825	41.0
826	52.0
827	38.0
828	42.0
829	47.0
830	60.0
831	48.0
832	47.0
833	57.0
834	48.0
835	58.0
836	60.0
837	56.0
838	63.0
839	54.0
840	68.0
841	54.0
842	75.0
843	75.0
844	85.0
845	67.0
846	75.0
847	69.0
848	82.0
849	89.0
850	78.0
851	76.0
852	93.0
853	93.0
854	99.0
855	80.0
856	89.0
857	92.0
858	91.0
859	86.0
860	94.0
861	88.0
862	88.0
863	100.0
864	94.0
865	99.0
866	100.0
867	104.0
868	75.0
869	87.0
870	97.0
871	98.0
872	100.0
873	102.0
874	110.0
875	119.0
876	103.0
877	120.0
878	112.0
879	92.0
880	113.0
881	101.0
882	101.0
883	85.0
884	113.0
885	99.0
886	105.0
887	116.0
888	107.0
889	115.0
890	126.0
891	106.0
892	105.0
893	100.0
894	101.0
895	118.0
896	110.0
897	124.0
898	128.0
899	92.0
900	101.0
901	111.0
902	130.0
903	113.0
904	96.0
905	82.0
906	104.0
907	79.0
908	103.0
909	107.0
910	95.0
911	95.0
912	72.0
913	106.0
914	81.0
915	95.0
916	96.0
917	86.0
918	76.0
919	81.0
920	81.0
921	91.0
922	68.0
923	80.0
924	79.0
925	79.0
926	76.0
927	61.0
928	67.0
929	74.0
930	74.0
931	82.0
932	82.0
933	58.0
934	56.0
935	57.0
936	62.0
937	64.0
938	62.0
939	56.0
940	66.0
941	46.0
942	45.0
943	44.0
944	50.0
945	44.0
946	45.0
947	51.0
948	33.0
949	33.0
950	48.0
951	46.0
952	31.0
953	28.0
954	29.0
955	33.0
956	32.0
957	20.0
958	23.0
959	31.0
960	34.0
961	29.0
962	26.0
963	18.0
964	23.0
965	10.0
966	24.0
967	21.0
968	10.0
969	18.0
970	15.0
971	27.0
972	21.0
973	11.0
974	17.0
975	14.0
976	8.0
977	6.0
978	10.0
979	10.0
980	10.0
981	12.0
982	13.0
983	7.0
984	9.0
985	5.0
986	8.0
987	4.0
988	9.0
989	7.0
990	4.0
991	5.0
992	7.0
993	4.0
994	6.0
995	4.0
996	8.0
997	4.0
998	5.0
999	6.0
1000	3.0
1001	6.0
1002	5.0
1003	5.0
1004	2.0
1005	1.0
1006	4.0
1007	4.0
1008	1.0
1009	0.0
1010	0.0
1011	0.0
1012	0.0
1013	0.0
1014	0.0
1015	0.0
1016	0.0
1017	0.0
1018	0.0
1019	0.0
1020	0.0
1021	0.0
1022	0.0
1023	0.0
1024	0.0
