Channel No.	Counts
1	0.0
2	1.0
3	1219197.0
4	7983047.0
5	1753189.0
6	501553.0
7	74667.0
8	15259.0
9	5901.0
10	2859.0
11	1032.0
12	285.0
13	49.0
14	13.0
15	13.0
16	4.0
17	5.0
18	8.0
19	7.0
20	7.0
21	8.0
22	6.0
23	2.0
24	3.0
25	2.0
26	4.0
27	9.0
28	3.0
29	4.0
30	2.0
31	6.0
32	5.0
33	2.0
34	1.0
35	5.0
36	4.0
37	2.0
38	3.0
39	2.0
40	1.0
41	4.0
42	9.0
43	2.0
44	5.0
45	3.0
46	3.0
47	2.0
48	6.0
49	5.0
50	4.0
51	4.0
52	6.0
53	8.0
54	4.0
55	8.0
56	3.0
57	3.0
58	1.0
59	4.0
60	0.0
61	3.0
62	6.0
63	4.0
64	8.0
65	3.0
66	7.0
67	3.0
68	3.0
69	2.0
70	6.0
71	3.0
72	6.0
73	7.0
74	4.0
75	3.0
76	2.0
77	2.0
78	3.0
79	4.0
80	5.0
81	1.0
82	9.0
83	5.0
84	5.0
85	6.0
86	8.0
87	7.0
88	4.0
89	2.0
90	14.0
91	4.0
92	7.0
93	6.0
94	11.0
95	5.0
96	2.0
97	9.0
98	7.0
99	6.0
100	4.0
101	8.0
102	6.0
103	8.0
104	8.0
105	8.0
106	3.0
107	8.0
108	4.0
109	6.0
110	5.0
111	6.0
112	4.0
113	12.0
114	5.0
115	11.0
116	4.0
117	6.0
118	5.0
119	5.0
120	6.0
121	11.0
122	12.0
123	6.0
124	10.0
125	4.0
126	5.0
127	3.0
128	5.0
129	3.0
130	6.0
131	3.0
132	5.0
133	5.0
134	3.0
135	2.0
136	2.0
137	12.0
138	8.0
139	1.0
140	4.0
141	11.0
142	5.0
143	6.0
144	6.0
145	7.0
146	1.0
147	3.0
148	8.0
149	8.0
150	6.0
151	6.0
152	4.0
153	2.0
154	3.0
155	6.0
156	6.0
157	6.0
158	10.0
159	4.0
160	8.0
161	5.0
162	8.0
163	4.0
164	4.0
165	7.0
166	3.0
167	9.0
168	3.0
169	10.0
170	8.0
171	6.0
172	10.0
173	6.0
174	3.0
175	9.0
176	6.0
177	6.0
178	7.0
179	6.0
180	4.0
181	5.0
182	5.0
183	4.0
184	8.0
185	9.0
186	10.0
187	8.0
188	6.0
189	5.0
190	7.0
191	6.0
192	8.0
193	3.0
194	6.0
195	2.0
196	6.0
197	7.0
198	7.0
199	6.0
200	9.0
201	4.0
202	3.0
203	7.0
204	3.0
205	4.0
206	6.0
207	5.0
208	8.0
209	2.0
210	7.0
211	5.0
212	6.0
213	6.0
214	3.0
215	4.0
216	5.0
217	3.0
218	9.0
219	9.0
220	5.0
221	5.0
222	7.0
223	6.0
224	5.0
225	6.0
226	7.0
227	5.0
228	3.0
229	5.0
230	9.0
231	4.0
232	8.0
233	6.0
234	3.0
235	6.0
236	7.0
237	5.0
238	2.0
239	6.0
240	11.0
241	6.0
242	9.0
243	8.0
244	6.0
245	7.0
246	3.0
247	4.0
248	3.0
249	3.0
250	4.0
251	8.0
252	3.0
253	3.0
254	9.0
255	8.0
256	5.0
257	5.0
258	9.0
259	4.0
260	6.0
261	8.0
262	9.0
263	11.0
264	4.0
265	7.0
266	3.0
267	4.0
268	4.0
269	8.0
270	5.0
271	5.0
272	6.0
273	3.0
274	5.0
275	4.0
276	8.0
277	8.0
278	5.0
279	3.0
280	3.0
281	5.0
282	2.0
283	4.0
284	3.0
285	2.0
286	8.0
287	6.0
288	3.0
289	4.0
290	6.0
291	5.0
292	9.0
293	7.0
294	4.0
295	4.0
296	5.0
297	9.0
298	7.0
299	5.0
300	0.0
301	4.0
302	9.0
303	2.0
304	5.0
305	2.0
306	11.0
307	2.0
308	2.0
309	5.0
310	4.0
311	4.0
312	3.0
313	1.0
314	4.0
315	8.0
316	4.0
317	6.0
318	4.0
319	3.0
320	5.0
321	6.0
322	8.0
323	5.0
324	7.0
325	0.0
326	2.0
327	2.0
328	9.0
329	2.0
330	6.0
331	6.0
332	3.0
333	5.0
334	7.0
335	6.0
336	4.0
337	6.0
338	3.0
339	3.0
340	10.0
341	6.0
342	1.0
343	3.0
344	5.0
345	4.0
346	5.0
347	7.0
348	1.0
349	5.0
350	6.0
351	5.0
352	6.0
353	5.0
354	4.0
355	2.0
356	3.0
357	5.0
358	5.0
359	2.0
360	2.0
361	1.0
362	6.0
363	4.0
364	5.0
365	4.0
366	2.0
367	2.0
368	4.0
369	2.0
370	5.0
371	7.0
372	4.0
373	2.0
374	5.0
375	7.0
376	5.0
377	5.0
378	2.0
379	3.0
380	2.0
381	4.0
382	4.0
383	5.0
384	1.0
385	2.0
386	2.0
387	8.0
388	5.0
389	3.0
390	2.0
391	3.0
392	5.0
393	2.0
394	2.0
395	3.0
396	5.0
397	3.0
398	4.0
399	4.0
400	2.0
401	3.0
402	4.0
403	4.0
404	3.0
405	4.0
406	3.0
407	0.0
408	2.0
409	3.0
410	7.0
411	2.0
412	4.0
413	3.0
414	4.0
415	5.0
416	3.0
417	4.0
418	0.0
419	1.0
420	3.0
421	5.0
422	1.0
423	3.0
424	8.0
425	3.0
426	5.0
427	7.0
428	2.0
429	3.0
430	5.0
431	1.0
432	5.0
433	5.0
434	4.0
435	2.0
436	4.0
437	8.0
438	3.0
439	5.0
440	3.0
441	1.0
442	5.0
443	7.0
444	3.0
445	2.0
446	4.0
447	3.0
448	8.0
449	5.0
450	4.0
451	3.0
452	3.0
453	3.0
454	4.0
455	4.0
456	6.0
457	3.0
458	3.0
459	8.0
460	5.0
461	2.0
462	3.0
463	3.0
464	3.0
465	3.0
466	2.0
467	4.0
468	5.0
469	5.0
470	4.0
471	3.0
472	0.0
473	5.0
474	3.0
475	3.0
476	2.0
477	5.0
478	2.0
479	1.0
480	1.0
481	4.0
482	5.0
483	3.0
484	1.0
485	2.0
486	2.0
487	4.0
488	3.0
489	2.0
490	1.0
491	1.0
492	2.0
493	2.0
494	3.0
495	2.0
496	2.0
497	2.0
498	4.0
499	3.0
500	2.0
501	4.0
502	3.0
503	3.0
504	2.0
505	3.0
506	3.0
507	1.0
508	1.0
509	3.0
510	2.0
511	3.0
512	3.0
513	3.0
514	0.0
515	1.0
516	3.0
517	7.0
518	1.0
519	6.0
520	1.0
521	8.0
522	4.0
523	4.0
524	3.0
525	2.0
526	3.0
527	3.0
528	0.0
529	1.0
530	5.0
531	4.0
532	4.0
533	2.0
534	1.0
535	0.0
536	3.0
537	1.0
538	4.0
539	2.0
540	2.0
541	4.0
542	5.0
543	3.0
544	2.0
545	4.0
546	2.0
547	5.0
548	2.0
549	0.0
550	0.0
551	4.0
552	1.0
553	2.0
554	4.0
555	5.0
556	6.0
557	2.0
558	2.0
559	4.0
560	2.0
561	2.0
562	4.0
563	1.0
564	2.0
565	3.0
566	2.0
567	2.0
568	4.0
569	3.0
570	3.0
571	1.0
572	1.0
573	1.0
574	2.0
575	3.0
576	1.0
577	3.0
578	3.0
579	1.0
580	1.0
581	3.0
582	2.0
583	1.0
584	2.0
585	2.0
586	4.0
587	1.0
588	2.0
589	2.0
590	7.0
591	4.0
592	1.0
593	2.0
594	3.0
595	2.0
596	1.0
597	3.0
598	4.0
599	1.0
600	4.0
601	3.0
602	5.0
603	3.0
604	3.0
605	1.0
606	4.0
607	2.0
608	2.0
609	4.0
610	3.0
611	9.0
612	3.0
613	5.0
614	3.0
615	4.0
616	2.0
617	1.0
618	1.0
619	4.0
620	5.0
621	3.0
622	4.0
623	5.0
624	3.0
625	4.0
626	2.0
627	2.0
628	3.0
629	4.0
630	2.0
631	2.0
632	4.0
633	6.0
634	2.0
635	3.0
636	2.0
637	0.0
638	4.0
639	4.0
640	4.0
641	2.0
642	3.0
643	3.0
644	4.0
645	2.0
646	2.0
647	4.0
648	3.0
649	4.0
650	3.0
651	4.0
652	4.0
653	5.0
654	6.0
655	5.0
656	2.0
657	3.0
658	1.0
659	5.0
660	1.0
661	4.0
662	3.0
663	1.0
664	2.0
665	5.0
666	4.0
667	3.0
668	5.0
669	4.0
670	3.0
671	5.0
672	4.0
673	4.0
674	3.0
675	3.0
676	2.0
677	4.0
678	1.0
679	3.0
680	3.0
681	0.0
682	5.0
683	1.0
684	4.0
685	1.0
686	4.0
687	2.0
688	5.0
689	2.0
690	7.0
691	1.0
692	4.0
693	4.0
694	3.0
695	7.0
696	1.0
697	1.0
698	1.0
699	1.0
700	4.0
701	6.0
702	6.0
703	1.0
704	3.0
705	1.0
706	2.0
707	4.0
708	4.0
709	6.0
710	4.0
711	3.0
712	6.0
713	5.0
714	0.0
715	1.0
716	4.0
717	3.0
718	3.0
719	4.0
720	0.0
721	0.0
722	3.0
723	4.0
724	3.0
725	3.0
726	5.0
727	1.0
728	4.0
729	3.0
730	4.0
731	1.0
732	4.0
733	1.0
734	0.0
735	5.0
736	2.0
737	4.0
738	4.0
739	1.0
740	0.0
741	2.0
742	1.0
743	1.0
744	4.0
745	4.0
746	2.0
747	3.0
748	4.0
749	4.0
750	0.0
751	2.0
752	2.0
753	0.0
754	3.0
755	2.0
756	2.0
757	1.0
758	3.0
759	2.0
760	0.0
761	3.0
762	3.0
763	5.0
764	1.0
765	4.0
766	0.0
767	5.0
768	2.0
769	1.0
770	2.0
771	2.0
772	2.0
773	1.0
774	4.0
775	3.0
776	3.0
777	1.0
778	5.0
779	2.0
780	6.0
781	5.0
782	0.0
783	3.0
784	3.0
785	0.0
786	4.0
787	2.0
788	3.0
789	0.0
790	2.0
791	4.0
792	3.0
793	4.0
794	3.0
795	6.0
796	3.0
797	1.0
798	2.0
799	0.0
800	2.0
801	2.0
802	2.0
803	4.0
804	1.0
805	3.0
806	3.0
807	5.0
808	0.0
809	2.0
810	1.0
811	2.0
812	5.0
813	4.0
814	5.0
815	1.0
816	3.0
817	3.0
818	2.0
819	0.0
820	1.0
821	2.0
822	2.0
823	3.0
824	1.0
825	1.0
826	1.0
827	2.0
828	3.0
829	4.0
830	3.0
831	2.0
832	4.0
833	2.0
834	4.0
835	4.0
836	1.0
837	3.0
838	1.0
839	4.0
840	1.0
841	0.0
842	0.0
843	0.0
844	3.0
845	4.0
846	2.0
847	3.0
848	2.0
849	3.0
850	3.0
851	0.0
852	3.0
853	2.0
854	2.0
855	2.0
856	1.0
857	6.0
858	0.0
859	1.0
860	4.0
861	2.0
862	1.0
863	2.0
864	2.0
865	2.0
866	5.0
867	2.0
868	3.0
869	1.0
870	2.0
871	2.0
872	4.0
873	5.0
874	2.0
875	0.0
876	4.0
877	3.0
878	1.0
879	1.0
880	2.0
881	3.0
882	1.0
883	0.0
884	9.0
885	1.0
886	2.0
887	1.0
888	2.0
889	1.0
890	1.0
891	1.0
892	2.0
893	2.0
894	5.0
895	2.0
896	2.0
897	3.0
898	2.0
899	0.0
900	2.0
901	1.0
902	1.0
903	1.0
904	1.0
905	0.0
906	0.0
907	2.0
908	1.0
909	1.0
910	2.0
911	2.0
912	2.0
913	4.0
914	3.0
915	2.0
916	0.0
917	3.0
918	1.0
919	0.0
920	1.0
921	2.0
922	0.0
923	2.0
924	3.0
925	2.0
926	1.0
927	1.0
928	1.0
929	2.0
930	1.0
931	0.0
932	1.0
933	1.0
934	4.0
935	3.0
936	0.0
937	1.0
938	1.0
939	0.0
940	1.0
941	1.0
942	1.0
943	1.0
944	1.0
945	0.0
946	3.0
947	1.0
948	3.0
949	5.0
950	1.0
951	1.0
952	0.0
953	1.0
954	0.0
955	1.0
956	1.0
957	1.0
958	4.0
959	1.0
960	3.0
961	2.0
962	1.0
963	3.0
964	0.0
965	0.0
966	1.0
967	1.0
968	2.0
969	0.0
970	1.0
971	2.0
972	2.0
973	1.0
974	2.0
975	0.0
976	3.0
977	1.0
978	0.0
979	3.0
980	2.0
981	1.0
982	2.0
983	2.0
984	2.0
985	4.0
986	1.0
987	1.0
988	3.0
989	1.0
990	1.0
991	1.0
992	3.0
993	1.0
994	2.0
995	1.0
996	3.0
997	1.0
998	0.0
999	1.0
1000	2.0
1001	0.0
1002	0.0
1003	0.0
1004	1.0
1005	1.0
1006	1.0
1007	1.0
1008	0.0
1009	0.0
1010	0.0
1011	0.0
1012	0.0
1013	0.0
1014	0.0
1015	0.0
1016	0.0
1017	0.0
1018	0.0
1019	0.0
1020	0.0
1021	0.0
1022	0.0
1023	0.0
1024	0.0
