Channel No.	Counts
1	0.0
2	1.0
3	1091507.0
4	8887412.0
5	2058220.0
6	590653.0
7	132166.0
8	40733.0
9	15756.0
10	6518.0
11	2471.0
12	871.0
13	307.0
14	98.0
15	44.0
16	21.0
17	10.0
18	11.0
19	5.0
20	5.0
21	6.0
22	2.0
23	8.0
24	2.0
25	4.0
26	2.0
27	2.0
28	3.0
29	4.0
30	8.0
31	2.0
32	2.0
33	4.0
34	3.0
35	6.0
36	7.0
37	6.0
38	7.0
39	2.0
40	7.0
41	6.0
42	11.0
43	5.0
44	8.0
45	3.0
46	7.0
47	4.0
48	5.0
49	7.0
50	2.0
51	2.0
52	5.0
53	4.0
54	5.0
55	4.0
56	10.0
57	3.0
58	3.0
59	5.0
60	3.0
61	5.0
62	1.0
63	5.0
64	2.0
65	4.0
66	2.0
67	5.0
68	4.0
69	5.0
70	2.0
71	4.0
72	2.0
73	6.0
74	2.0
75	4.0
76	8.0
77	4.0
78	3.0
79	7.0
80	2.0
81	4.0
82	5.0
83	3.0
84	7.0
85	1.0
86	4.0
87	3.0
88	5.0
89	4.0
90	3.0
91	1.0
92	4.0
93	5.0
94	6.0
95	9.0
96	7.0
97	5.0
98	5.0
99	11.0
100	4.0
101	4.0
102	5.0
103	6.0
104	4.0
105	9.0
106	10.0
107	6.0
108	6.0
109	10.0
110	2.0
111	5.0
112	4.0
113	7.0
114	6.0
115	11.0
116	7.0
117	9.0
118	9.0
119	11.0
120	4.0
121	10.0
122	8.0
123	6.0
124	8.0
125	8.0
126	6.0
127	4.0
128	10.0
129	8.0
130	7.0
131	6.0
132	4.0
133	7.0
134	5.0
135	8.0
136	7.0
137	6.0
138	3.0
139	12.0
140	7.0
141	3.0
142	7.0
143	5.0
144	3.0
145	4.0
146	6.0
147	7.0
148	3.0
149	7.0
150	6.0
151	10.0
152	3.0
153	7.0
154	6.0
155	1.0
156	4.0
157	1.0
158	7.0
159	6.0
160	12.0
161	8.0
162	9.0
163	8.0
164	5.0
165	7.0
166	6.0
167	4.0
168	3.0
169	2.0
170	5.0
171	10.0
172	6.0
173	4.0
174	5.0
175	4.0
176	3.0
177	7.0
178	6.0
179	5.0
180	5.0
181	9.0
182	7.0
183	3.0
184	1.0
185	6.0
186	5.0
187	8.0
188	9.0
189	13.0
190	3.0
191	5.0
192	6.0
193	6.0
194	7.0
195	4.0
196	10.0
197	9.0
198	7.0
199	6.0
200	6.0
201	5.0
202	6.0
203	2.0
204	8.0
205	7.0
206	7.0
207	7.0
208	6.0
209	8.0
210	4.0
211	6.0
212	6.0
213	6.0
214	6.0
215	6.0
216	10.0
217	11.0
218	6.0
219	3.0
220	5.0
221	5.0
222	9.0
223	2.0
224	4.0
225	6.0
226	4.0
227	4.0
228	6.0
229	5.0
230	6.0
231	7.0
232	5.0
233	4.0
234	3.0
235	6.0
236	8.0
237	6.0
238	8.0
239	4.0
240	7.0
241	7.0
242	10.0
243	9.0
244	3.0
245	6.0
246	6.0
247	3.0
248	5.0
249	8.0
250	8.0
251	6.0
252	6.0
253	4.0
254	4.0
255	8.0
256	6.0
257	10.0
258	6.0
259	7.0
260	2.0
261	7.0
262	4.0
263	5.0
264	2.0
265	6.0
266	5.0
267	8.0
268	4.0
269	6.0
270	11.0
271	1.0
272	12.0
273	7.0
274	6.0
275	7.0
276	3.0
277	3.0
278	6.0
279	8.0
280	4.0
281	3.0
282	8.0
283	6.0
284	5.0
285	7.0
286	9.0
287	1.0
288	6.0
289	4.0
290	5.0
291	3.0
292	3.0
293	4.0
294	6.0
295	6.0
296	3.0
297	3.0
298	4.0
299	6.0
300	5.0
301	3.0
302	4.0
303	7.0
304	6.0
305	7.0
306	9.0
307	3.0
308	4.0
309	7.0
310	8.0
311	3.0
312	5.0
313	3.0
314	3.0
315	2.0
316	4.0
317	5.0
318	6.0
319	4.0
320	3.0
321	4.0
322	3.0
323	5.0
324	5.0
325	4.0
326	4.0
327	5.0
328	2.0
329	4.0
330	7.0
331	5.0
332	5.0
333	8.0
334	9.0
335	2.0
336	4.0
337	9.0
338	9.0
339	6.0
340	4.0
341	8.0
342	5.0
343	7.0
344	2.0
345	5.0
346	6.0
347	3.0
348	3.0
349	2.0
350	4.0
351	6.0
352	2.0
353	6.0
354	3.0
355	8.0
356	2.0
357	3.0
358	4.0
359	5.0
360	5.0
361	5.0
362	2.0
363	4.0
364	4.0
365	7.0
366	6.0
367	6.0
368	6.0
369	3.0
370	4.0
371	1.0
372	3.0
373	4.0
374	6.0
375	2.0
376	1.0
377	3.0
378	5.0
379	3.0
380	7.0
381	3.0
382	7.0
383	7.0
384	4.0
385	3.0
386	3.0
387	6.0
388	6.0
389	3.0
390	4.0
391	6.0
392	2.0
393	3.0
394	4.0
395	4.0
396	4.0
397	5.0
398	5.0
399	2.0
400	2.0
401	2.0
402	4.0
403	5.0
404	3.0
405	3.0
406	5.0
407	4.0
408	8.0
409	5.0
410	4.0
411	8.0
412	3.0
413	1.0
414	3.0
415	5.0
416	2.0
417	5.0
418	6.0
419	5.0
420	6.0
421	5.0
422	4.0
423	3.0
424	2.0
425	7.0
426	3.0
427	4.0
428	2.0
429	4.0
430	3.0
431	2.0
432	2.0
433	5.0
434	6.0
435	5.0
436	2.0
437	3.0
438	8.0
439	7.0
440	4.0
441	2.0
442	1.0
443	5.0
444	6.0
445	2.0
446	7.0
447	2.0
448	4.0
449	5.0
450	3.0
451	4.0
452	5.0
453	5.0
454	6.0
455	2.0
456	1.0
457	2.0
458	2.0
459	4.0
460	7.0
461	4.0
462	3.0
463	8.0
464	7.0
465	2.0
466	5.0
467	5.0
468	2.0
469	2.0
470	1.0
471	4.0
472	5.0
473	4.0
474	1.0
475	2.0
476	5.0
477	4.0
478	2.0
479	2.0
480	2.0
481	2.0
482	1.0
483	3.0
484	4.0
485	3.0
486	5.0
487	5.0
488	4.0
489	2.0
490	3.0
491	3.0
492	6.0
493	1.0
494	6.0
495	2.0
496	3.0
497	4.0
498	4.0
499	3.0
500	2.0
501	1.0
502	5.0
503	2.0
504	4.0
505	4.0
506	4.0
507	1.0
508	2.0
509	2.0
510	6.0
511	3.0
512	3.0
513	2.0
514	5.0
515	1.0
516	4.0
517	4.0
518	6.0
519	1.0
520	7.0
521	5.0
522	2.0
523	2.0
524	3.0
525	4.0
526	1.0
527	4.0
528	7.0
529	1.0
530	4.0
531	4.0
532	0.0
533	2.0
534	1.0
535	6.0
536	1.0
537	3.0
538	2.0
539	12.0
540	3.0
541	5.0
542	3.0
543	3.0
544	1.0
545	4.0
546	6.0
547	6.0
548	5.0
549	1.0
550	1.0
551	8.0
552	4.0
553	2.0
554	1.0
555	3.0
556	3.0
557	6.0
558	2.0
559	3.0
560	1.0
561	2.0
562	2.0
563	1.0
564	2.0
565	4.0
566	2.0
567	4.0
568	2.0
569	4.0
570	3.0
571	3.0
572	2.0
573	3.0
574	2.0
575	2.0
576	3.0
577	2.0
578	3.0
579	7.0
580	5.0
581	5.0
582	9.0
583	3.0
584	4.0
585	1.0
586	3.0
587	6.0
588	1.0
589	2.0
590	0.0
591	3.0
592	3.0
593	0.0
594	3.0
595	2.0
596	2.0
597	2.0
598	2.0
599	2.0
600	3.0
601	2.0
602	5.0
603	3.0
604	3.0
605	2.0
606	3.0
607	0.0
608	3.0
609	3.0
610	2.0
611	4.0
612	2.0
613	4.0
614	5.0
615	5.0
616	4.0
617	1.0
618	1.0
619	5.0
620	2.0
621	3.0
622	6.0
623	1.0
624	1.0
625	1.0
626	4.0
627	4.0
628	3.0
629	3.0
630	3.0
631	4.0
632	2.0
633	6.0
634	2.0
635	5.0
636	4.0
637	2.0
638	3.0
639	1.0
640	5.0
641	2.0
642	6.0
643	1.0
644	2.0
645	3.0
646	1.0
647	2.0
648	2.0
649	1.0
650	2.0
651	2.0
652	2.0
653	2.0
654	2.0
655	4.0
656	1.0
657	1.0
658	5.0
659	5.0
660	2.0
661	2.0
662	1.0
663	4.0
664	3.0
665	3.0
666	3.0
667	1.0
668	2.0
669	3.0
670	6.0
671	4.0
672	2.0
673	3.0
674	0.0
675	5.0
676	3.0
677	6.0
678	3.0
679	3.0
680	2.0
681	5.0
682	2.0
683	2.0
684	3.0
685	3.0
686	3.0
687	1.0
688	4.0
689	1.0
690	2.0
691	7.0
692	1.0
693	4.0
694	1.0
695	5.0
696	4.0
697	2.0
698	4.0
699	8.0
700	5.0
701	4.0
702	3.0
703	6.0
704	2.0
705	4.0
706	3.0
707	6.0
708	5.0
709	4.0
710	3.0
711	3.0
712	4.0
713	1.0
714	4.0
715	7.0
716	4.0
717	4.0
718	4.0
719	3.0
720	5.0
721	3.0
722	2.0
723	4.0
724	2.0
725	3.0
726	1.0
727	2.0
728	3.0
729	3.0
730	0.0
731	3.0
732	8.0
733	2.0
734	2.0
735	2.0
736	1.0
737	1.0
738	5.0
739	5.0
740	5.0
741	1.0
742	3.0
743	3.0
744	0.0
745	2.0
746	1.0
747	4.0
748	1.0
749	1.0
750	5.0
751	4.0
752	1.0
753	2.0
754	1.0
755	2.0
756	3.0
757	2.0
758	2.0
759	1.0
760	1.0
761	7.0
762	2.0
763	4.0
764	3.0
765	1.0
766	5.0
767	5.0
768	5.0
769	5.0
770	5.0
771	4.0
772	4.0
773	3.0
774	2.0
775	3.0
776	3.0
777	3.0
778	2.0
779	3.0
780	2.0
781	1.0
782	1.0
783	1.0
784	1.0
785	2.0
786	4.0
787	3.0
788	5.0
789	0.0
790	4.0
791	2.0
792	4.0
793	5.0
794	5.0
795	3.0
796	1.0
797	0.0
798	1.0
799	1.0
800	0.0
801	6.0
802	1.0
803	1.0
804	2.0
805	2.0
806	3.0
807	3.0
808	1.0
809	3.0
810	3.0
811	5.0
812	4.0
813	3.0
814	5.0
815	5.0
816	0.0
817	3.0
818	0.0
819	4.0
820	3.0
821	2.0
822	5.0
823	2.0
824	0.0
825	2.0
826	0.0
827	2.0
828	4.0
829	3.0
830	4.0
831	0.0
832	1.0
833	2.0
834	4.0
835	2.0
836	3.0
837	1.0
838	5.0
839	0.0
840	3.0
841	3.0
842	4.0
843	1.0
844	2.0
845	2.0
846	1.0
847	1.0
848	3.0
849	1.0
850	2.0
851	2.0
852	3.0
853	4.0
854	2.0
855	2.0
856	2.0
857	1.0
858	5.0
859	1.0
860	0.0
861	4.0
862	1.0
863	1.0
864	3.0
865	2.0
866	3.0
867	2.0
868	2.0
869	3.0
870	3.0
871	2.0
872	4.0
873	3.0
874	2.0
875	2.0
876	5.0
877	2.0
878	2.0
879	0.0
880	3.0
881	1.0
882	1.0
883	3.0
884	1.0
885	4.0
886	4.0
887	4.0
888	1.0
889	3.0
890	2.0
891	4.0
892	1.0
893	4.0
894	2.0
895	1.0
896	2.0
897	2.0
898	2.0
899	1.0
900	4.0
901	0.0
902	2.0
903	2.0
904	4.0
905	1.0
906	1.0
907	2.0
908	2.0
909	1.0
910	6.0
911	2.0
912	0.0
913	0.0
914	2.0
915	3.0
916	0.0
917	2.0
918	3.0
919	2.0
920	5.0
921	2.0
922	5.0
923	2.0
924	1.0
925	0.0
926	0.0
927	0.0
928	2.0
929	2.0
930	1.0
931	1.0
932	2.0
933	1.0
934	4.0
935	2.0
936	2.0
937	3.0
938	5.0
939	1.0
940	4.0
941	2.0
942	1.0
943	3.0
944	2.0
945	3.0
946	2.0
947	1.0
948	3.0
949	3.0
950	0.0
951	3.0
952	1.0
953	4.0
954	2.0
955	2.0
956	1.0
957	6.0
958	2.0
959	1.0
960	2.0
961	2.0
962	4.0
963	4.0
964	1.0
965	4.0
966	3.0
967	1.0
968	3.0
969	0.0
970	1.0
971	7.0
972	1.0
973	4.0
974	1.0
975	3.0
976	2.0
977	1.0
978	2.0
979	0.0
980	3.0
981	0.0
982	0.0
983	0.0
984	2.0
985	2.0
986	3.0
987	1.0
988	1.0
989	2.0
990	4.0
991	1.0
992	3.0
993	0.0
994	0.0
995	2.0
996	2.0
997	0.0
998	0.0
999	4.0
1000	1.0
1001	1.0
1002	1.0
1003	3.0
1004	1.0
1005	1.0
1006	1.0
1007	3.0
1008	1.0
1009	0.0
1010	0.0
1011	0.0
1012	0.0
1013	0.0
1014	0.0
1015	0.0
1016	0.0
1017	0.0
1018	0.0
1019	0.0
1020	0.0
1021	0.0
1022	0.0
1023	0.0
1024	0.0
