Channel No.	Counts
1	0.0
2	0.0
3	1154182.0
4	7980095.0
5	1710975.0
6	465886.0
7	67465.0
8	14046.0
9	5686.0
10	2698.0
11	1075.0
12	266.0
13	59.0
14	15.0
15	7.0
16	2.0
17	8.0
18	10.0
19	5.0
20	3.0
21	8.0
22	4.0
23	9.0
24	7.0
25	3.0
26	5.0
27	3.0
28	6.0
29	3.0
30	5.0
31	4.0
32	1.0
33	6.0
34	2.0
35	6.0
36	4.0
37	3.0
38	3.0
39	5.0
40	5.0
41	5.0
42	5.0
43	6.0
44	8.0
45	3.0
46	6.0
47	5.0
48	4.0
49	6.0
50	4.0
51	5.0
52	5.0
53	6.0
54	4.0
55	7.0
56	6.0
57	3.0
58	5.0
59	7.0
60	3.0
61	1.0
62	4.0
63	8.0
64	2.0
65	4.0
66	4.0
67	6.0
68	2.0
69	4.0
70	10.0
71	6.0
72	5.0
73	9.0
74	3.0
75	7.0
76	4.0
77	11.0
78	2.0
79	1.0
80	5.0
81	5.0
82	6.0
83	7.0
84	1.0
85	6.0
86	5.0
87	7.0
88	2.0
89	6.0
90	7.0
91	8.0
92	6.0
93	5.0
94	5.0
95	5.0
96	6.0
97	9.0
98	8.0
99	4.0
100	4.0
101	6.0
102	5.0
103	7.0
104	8.0
105	6.0
106	5.0
107	7.0
108	3.0
109	7.0
110	5.0
111	6.0
112	9.0
113	11.0
114	10.0
115	11.0
116	7.0
117	9.0
118	8.0
119	10.0
120	9.0
121	10.0
122	14.0
123	10.0
124	7.0
125	6.0
126	7.0
127	6.0
128	12.0
129	6.0
130	10.0
131	4.0
132	9.0
133	14.0
134	13.0
135	6.0
136	8.0
137	4.0
138	3.0
139	7.0
140	10.0
141	14.0
142	10.0
143	7.0
144	8.0
145	9.0
146	10.0
147	9.0
148	8.0
149	5.0
150	5.0
151	7.0
152	7.0
153	9.0
154	7.0
155	9.0
156	6.0
157	9.0
158	9.0
159	11.0
160	12.0
161	9.0
162	8.0
163	8.0
164	14.0
165	10.0
166	7.0
167	10.0
168	6.0
169	7.0
170	12.0
171	8.0
172	6.0
173	13.0
174	7.0
175	7.0
176	12.0
177	13.0
178	13.0
179	8.0
180	8.0
181	10.0
182	6.0
183	9.0
184	12.0
185	9.0
186	12.0
187	5.0
188	5.0
189	9.0
190	6.0
191	15.0
192	4.0
193	11.0
194	14.0
195	13.0
196	3.0
197	9.0
198	11.0
199	8.0
200	8.0
201	8.0
202	10.0
203	8.0
204	10.0
205	6.0
206	7.0
207	9.0
208	8.0
209	13.0
210	10.0
211	13.0
212	13.0
213	5.0
214	12.0
215	11.0
216	12.0
217	11.0
218	15.0
219	13.0
220	12.0
221	9.0
222	13.0
223	7.0
224	5.0
225	9.0
226	13.0
227	8.0
228	20.0
229	10.0
230	20.0
231	5.0
232	15.0
233	27.0
234	13.0
235	21.0
236	10.0
237	11.0
238	15.0
239	9.0
240	15.0
241	11.0
242	15.0
243	11.0
244	10.0
245	8.0
246	10.0
247	11.0
248	16.0
249	18.0
250	13.0
251	19.0
252	12.0
253	21.0
254	11.0
255	14.0
256	19.0
257	14.0
258	22.0
259	15.0
260	15.0
261	17.0
262	11.0
263	11.0
264	12.0
265	18.0
266	15.0
267	20.0
268	18.0
269	18.0
270	20.0
271	7.0
272	24.0
273	25.0
274	18.0
275	21.0
276	26.0
277	26.0
278	20.0
279	17.0
280	24.0
281	24.0
282	16.0
283	25.0
284	22.0
285	28.0
286	22.0
287	25.0
288	22.0
289	21.0
290	23.0
291	21.0
292	24.0
293	18.0
294	30.0
295	27.0
296	28.0
297	28.0
298	23.0
299	27.0
300	27.0
301	22.0
302	23.0
303	22.0
304	23.0
305	28.0
306	30.0
307	18.0
308	25.0
309	27.0
310	32.0
311	15.0
312	12.0
313	27.0
314	18.0
315	28.0
316	22.0
317	11.0
318	18.0
319	22.0
320	22.0
321	8.0
322	18.0
323	19.0
324	18.0
325	13.0
326	10.0
327	7.0
328	14.0
329	8.0
330	13.0
331	14.0
332	12.0
333	16.0
334	21.0
335	9.0
336	10.0
337	15.0
338	10.0
339	8.0
340	7.0
341	8.0
342	14.0
343	4.0
344	12.0
345	8.0
346	6.0
347	5.0
348	9.0
349	9.0
350	10.0
351	7.0
352	6.0
353	9.0
354	10.0
355	3.0
356	9.0
357	9.0
358	8.0
359	4.0
360	5.0
361	5.0
362	5.0
363	8.0
364	3.0
365	10.0
366	2.0
367	8.0
368	7.0
369	6.0
370	3.0
371	5.0
372	5.0
373	10.0
374	8.0
375	3.0
376	8.0
377	2.0
378	3.0
379	5.0
380	10.0
381	2.0
382	4.0
383	4.0
384	4.0
385	3.0
386	3.0
387	4.0
388	3.0
389	5.0
390	5.0
391	1.0
392	2.0
393	5.0
394	4.0
395	11.0
396	4.0
397	7.0
398	6.0
399	1.0
400	3.0
401	5.0
402	2.0
403	8.0
404	4.0
405	5.0
406	6.0
407	7.0
408	6.0
409	2.0
410	6.0
411	4.0
412	4.0
413	3.0
414	7.0
415	2.0
416	4.0
417	0.0
418	4.0
419	7.0
420	4.0
421	3.0
422	5.0
423	5.0
424	5.0
425	2.0
426	3.0
427	3.0
428	6.0
429	5.0
430	3.0
431	5.0
432	3.0
433	0.0
434	2.0
435	4.0
436	3.0
437	7.0
438	8.0
439	0.0
440	3.0
441	5.0
442	3.0
443	3.0
444	2.0
445	2.0
446	6.0
447	5.0
448	1.0
449	2.0
450	2.0
451	5.0
452	5.0
453	3.0
454	4.0
455	4.0
456	4.0
457	3.0
458	1.0
459	3.0
460	0.0
461	3.0
462	1.0
463	3.0
464	3.0
465	5.0
466	1.0
467	5.0
468	3.0
469	5.0
470	1.0
471	4.0
472	3.0
473	2.0
474	2.0
475	3.0
476	4.0
477	3.0
478	4.0
479	5.0
480	5.0
481	3.0
482	5.0
483	3.0
484	3.0
485	3.0
486	1.0
487	3.0
488	2.0
489	3.0
490	3.0
491	3.0
492	4.0
493	8.0
494	1.0
495	1.0
496	3.0
497	4.0
498	4.0
499	7.0
500	2.0
501	1.0
502	2.0
503	4.0
504	3.0
505	3.0
506	3.0
507	2.0
508	2.0
509	3.0
510	3.0
511	8.0
512	5.0
513	2.0
514	5.0
515	4.0
516	3.0
517	6.0
518	0.0
519	2.0
520	5.0
521	6.0
522	3.0
523	1.0
524	7.0
525	7.0
526	1.0
527	1.0
528	2.0
529	3.0
530	3.0
531	2.0
532	6.0
533	6.0
534	5.0
535	2.0
536	6.0
537	8.0
538	2.0
539	4.0
540	2.0
541	6.0
542	1.0
543	1.0
544	3.0
545	2.0
546	2.0
547	3.0
548	2.0
549	4.0
550	1.0
551	3.0
552	4.0
553	4.0
554	2.0
555	3.0
556	1.0
557	5.0
558	3.0
559	2.0
560	1.0
561	5.0
562	4.0
563	2.0
564	2.0
565	0.0
566	1.0
567	1.0
568	4.0
569	4.0
570	2.0
571	5.0
572	7.0
573	2.0
574	4.0
575	5.0
576	7.0
577	2.0
578	3.0
579	4.0
580	0.0
581	6.0
582	3.0
583	1.0
584	6.0
585	1.0
586	4.0
587	3.0
588	5.0
589	4.0
590	6.0
591	6.0
592	6.0
593	5.0
594	3.0
595	2.0
596	2.0
597	9.0
598	2.0
599	4.0
600	2.0
601	1.0
602	2.0
603	1.0
604	3.0
605	4.0
606	3.0
607	2.0
608	3.0
609	1.0
610	4.0
611	0.0
612	5.0
613	7.0
614	3.0
615	3.0
616	2.0
617	2.0
618	1.0
619	2.0
620	2.0
621	6.0
622	4.0
623	1.0
624	3.0
625	1.0
626	4.0
627	3.0
628	3.0
629	1.0
630	1.0
631	1.0
632	0.0
633	2.0
634	4.0
635	3.0
636	4.0
637	3.0
638	3.0
639	1.0
640	5.0
641	0.0
642	3.0
643	2.0
644	1.0
645	3.0
646	2.0
647	3.0
648	3.0
649	0.0
650	3.0
651	4.0
652	1.0
653	7.0
654	3.0
655	1.0
656	5.0
657	2.0
658	3.0
659	5.0
660	2.0
661	4.0
662	4.0
663	1.0
664	4.0
665	1.0
666	3.0
667	4.0
668	3.0
669	2.0
670	3.0
671	5.0
672	1.0
673	2.0
674	2.0
675	4.0
676	10.0
677	2.0
678	4.0
679	1.0
680	0.0
681	6.0
682	2.0
683	2.0
684	2.0
685	5.0
686	3.0
687	3.0
688	5.0
689	4.0
690	1.0
691	1.0
692	3.0
693	3.0
694	1.0
695	6.0
696	3.0
697	3.0
698	3.0
699	3.0
700	1.0
701	2.0
702	4.0
703	4.0
704	3.0
705	3.0
706	1.0
707	4.0
708	0.0
709	4.0
710	3.0
711	3.0
712	4.0
713	2.0
714	4.0
715	3.0
716	3.0
717	7.0
718	1.0
719	0.0
720	2.0
721	4.0
722	2.0
723	3.0
724	2.0
725	4.0
726	2.0
727	2.0
728	0.0
729	0.0
730	2.0
731	1.0
732	1.0
733	2.0
734	1.0
735	3.0
736	2.0
737	2.0
738	3.0
739	5.0
740	1.0
741	0.0
742	2.0
743	2.0
744	2.0
745	3.0
746	3.0
747	2.0
748	1.0
749	2.0
750	3.0
751	3.0
752	3.0
753	7.0
754	3.0
755	2.0
756	6.0
757	3.0
758	3.0
759	4.0
760	1.0
761	1.0
762	4.0
763	3.0
764	2.0
765	6.0
766	3.0
767	4.0
768	1.0
769	2.0
770	2.0
771	5.0
772	1.0
773	2.0
774	5.0
775	3.0
776	1.0
777	2.0
778	4.0
779	1.0
780	1.0
781	2.0
782	2.0
783	2.0
784	4.0
785	2.0
786	4.0
787	5.0
788	2.0
789	3.0
790	2.0
791	4.0
792	3.0
793	2.0
794	4.0
795	2.0
796	0.0
797	0.0
798	1.0
799	1.0
800	5.0
801	0.0
802	0.0
803	1.0
804	4.0
805	5.0
806	1.0
807	4.0
808	2.0
809	1.0
810	2.0
811	2.0
812	2.0
813	2.0
814	0.0
815	3.0
816	3.0
817	7.0
818	1.0
819	1.0
820	7.0
821	2.0
822	2.0
823	2.0
824	4.0
825	3.0
826	0.0
827	3.0
828	0.0
829	2.0
830	0.0
831	3.0
832	4.0
833	1.0
834	1.0
835	0.0
836	0.0
837	1.0
838	1.0
839	0.0
840	2.0
841	2.0
842	3.0
843	1.0
844	1.0
845	0.0
846	2.0
847	3.0
848	3.0
849	0.0
850	4.0
851	2.0
852	2.0
853	1.0
854	4.0
855	1.0
856	5.0
857	2.0
858	0.0
859	1.0
860	2.0
861	1.0
862	1.0
863	3.0
864	4.0
865	3.0
866	1.0
867	1.0
868	2.0
869	0.0
870	4.0
871	4.0
872	2.0
873	8.0
874	2.0
875	1.0
876	2.0
877	2.0
878	1.0
879	0.0
880	3.0
881	2.0
882	2.0
883	0.0
884	3.0
885	1.0
886	2.0
887	2.0
888	1.0
889	4.0
890	1.0
891	2.0
892	1.0
893	1.0
894	2.0
895	3.0
896	0.0
897	5.0
898	1.0
899	4.0
900	3.0
901	1.0
902	2.0
903	4.0
904	2.0
905	3.0
906	0.0
907	1.0
908	3.0
909	1.0
910	0.0
911	2.0
912	4.0
913	2.0
914	2.0
915	1.0
916	1.0
917	2.0
918	1.0
919	2.0
920	5.0
921	1.0
922	3.0
923	2.0
924	3.0
925	0.0
926	1.0
927	2.0
928	2.0
929	0.0
930	1.0
931	4.0
932	2.0
933	2.0
934	3.0
935	0.0
936	1.0
937	4.0
938	3.0
939	3.0
940	1.0
941	4.0
942	1.0
943	1.0
944	1.0
945	2.0
946	0.0
947	1.0
948	1.0
949	0.0
950	1.0
951	4.0
952	2.0
953	2.0
954	2.0
955	0.0
956	3.0
957	2.0
958	0.0
959	0.0
960	2.0
961	2.0
962	1.0
963	1.0
964	3.0
965	1.0
966	2.0
967	1.0
968	0.0
969	5.0
970	1.0
971	3.0
972	2.0
973	2.0
974	0.0
975	3.0
976	3.0
977	1.0
978	1.0
979	0.0
980	0.0
981	2.0
982	0.0
983	0.0
984	1.0
985	0.0
986	3.0
987	0.0
988	2.0
989	3.0
990	1.0
991	2.0
992	2.0
993	2.0
994	3.0
995	4.0
996	0.0
997	3.0
998	0.0
999	1.0
1000	3.0
1001	1.0
1002	1.0
1003	3.0
1004	0.0
1005	4.0
1006	1.0
1007	3.0
1008	1.0
1009	0.0
1010	0.0
1011	0.0
1012	0.0
1013	0.0
1014	0.0
1015	0.0
1016	0.0
1017	0.0
1018	0.0
1019	0.0
1020	0.0
1021	0.0
1022	0.0
1023	0.0
1024	0.0
