Channel No.	Counts
1	0.0
2	1.0
3	614945.0
4	2547875.0
5	315548.0
6	314308.0
7	322295.0
8	283890.0
9	206646.0
10	145801.0
11	83131.0
12	33673.0
13	12508.0
14	5284.0
15	3106.0
16	1746.0
17	846.0
18	358.0
19	102.0
20	35.0
21	15.0
22	10.0
23	12.0
24	16.0
25	10.0
26	10.0
27	7.0
28	11.0
29	16.0
30	14.0
31	19.0
32	6.0
33	11.0
34	4.0
35	10.0
36	12.0
37	4.0
38	8.0
39	11.0
40	13.0
41	10.0
42	11.0
43	9.0
44	7.0
45	15.0
46	14.0
47	12.0
48	14.0
49	7.0
50	22.0
51	13.0
52	8.0
53	11.0
54	11.0
55	7.0
56	15.0
57	10.0
58	12.0
59	15.0
60	7.0
61	9.0
62	6.0
63	11.0
64	8.0
65	18.0
66	11.0
67	16.0
68	11.0
69	16.0
70	12.0
71	17.0
72	11.0
73	13.0
74	8.0
75	10.0
76	12.0
77	16.0
78	16.0
79	7.0
80	13.0
81	15.0
82	11.0
83	13.0
84	13.0
85	8.0
86	14.0
87	12.0
88	16.0
89	8.0
90	14.0
91	14.0
92	14.0
93	13.0
94	18.0
95	18.0
96	15.0
97	15.0
98	12.0
99	18.0
100	11.0
101	12.0
102	12.0
103	14.0
104	11.0
105	19.0
106	13.0
107	13.0
108	16.0
109	20.0
110	15.0
111	14.0
112	18.0
113	21.0
114	28.0
115	14.0
116	16.0
117	20.0
118	12.0
119	28.0
120	25.0
121	16.0
122	20.0
123	12.0
124	17.0
125	14.0
126	14.0
127	17.0
128	18.0
129	17.0
130	16.0
131	10.0
132	13.0
133	10.0
134	13.0
135	11.0
136	12.0
137	12.0
138	17.0
139	13.0
140	23.0
141	19.0
142	8.0
143	15.0
144	12.0
145	11.0
146	9.0
147	19.0
148	11.0
149	17.0
150	10.0
151	17.0
152	16.0
153	15.0
154	9.0
155	13.0
156	10.0
157	10.0
158	12.0
159	18.0
160	15.0
161	9.0
162	19.0
163	15.0
164	19.0
165	18.0
166	17.0
167	19.0
168	14.0
169	11.0
170	12.0
171	9.0
172	26.0
173	14.0
174	20.0
175	26.0
176	11.0
177	20.0
178	13.0
179	23.0
180	18.0
181	14.0
182	15.0
183	16.0
184	18.0
185	10.0
186	13.0
187	18.0
188	24.0
189	23.0
190	12.0
191	16.0
192	9.0
193	11.0
194	7.0
195	16.0
196	16.0
197	14.0
198	19.0
199	16.0
200	9.0
201	13.0
202	13.0
203	18.0
204	13.0
205	16.0
206	12.0
207	19.0
208	7.0
209	15.0
210	27.0
211	20.0
212	23.0
213	11.0
214	18.0
215	22.0
216	13.0
217	13.0
218	15.0
219	14.0
220	15.0
221	14.0
222	21.0
223	11.0
224	15.0
225	18.0
226	20.0
227	15.0
228	14.0
229	14.0
230	20.0
231	16.0
232	19.0
233	10.0
234	22.0
235	23.0
236	18.0
237	20.0
238	12.0
239	12.0
240	21.0
241	19.0
242	19.0
243	13.0
244	24.0
245	18.0
246	22.0
247	14.0
248	16.0
249	17.0
250	14.0
251	13.0
252	20.0
253	17.0
254	14.0
255	19.0
256	13.0
257	10.0
258	23.0
259	17.0
260	17.0
261	17.0
262	16.0
263	18.0
264	20.0
265	12.0
266	8.0
267	14.0
268	21.0
269	10.0
270	18.0
271	19.0
272	14.0
273	12.0
274	14.0
275	13.0
276	23.0
277	12.0
278	21.0
279	23.0
280	12.0
281	18.0
282	14.0
283	23.0
284	19.0
285	13.0
286	14.0
287	19.0
288	13.0
289	15.0
290	16.0
291	21.0
292	11.0
293	12.0
294	11.0
295	13.0
296	9.0
297	14.0
298	10.0
299	23.0
300	13.0
301	7.0
302	18.0
303	20.0
304	15.0
305	18.0
306	13.0
307	13.0
308	14.0
309	19.0
310	6.0
311	13.0
312	23.0
313	7.0
314	11.0
315	12.0
316	19.0
317	6.0
318	6.0
319	8.0
320	12.0
321	15.0
322	17.0
323	14.0
324	13.0
325	7.0
326	16.0
327	13.0
328	17.0
329	14.0
330	15.0
331	13.0
332	11.0
333	14.0
334	14.0
335	12.0
336	12.0
337	17.0
338	11.0
339	16.0
340	16.0
341	10.0
342	18.0
343	10.0
344	12.0
345	15.0
346	17.0
347	13.0
348	10.0
349	15.0
350	18.0
351	10.0
352	14.0
353	15.0
354	9.0
355	11.0
356	11.0
357	16.0
358	8.0
359	16.0
360	12.0
361	13.0
362	15.0
363	23.0
364	11.0
365	12.0
366	16.0
367	16.0
368	16.0
369	8.0
370	9.0
371	10.0
372	14.0
373	12.0
374	16.0
375	13.0
376	13.0
377	12.0
378	11.0
379	10.0
380	16.0
381	14.0
382	11.0
383	12.0
384	14.0
385	12.0
386	13.0
387	9.0
388	11.0
389	19.0
390	17.0
391	18.0
392	9.0
393	14.0
394	20.0
395	14.0
396	11.0
397	10.0
398	14.0
399	8.0
400	14.0
401	12.0
402	15.0
403	18.0
404	15.0
405	11.0
406	16.0
407	16.0
408	13.0
409	11.0
410	10.0
411	14.0
412	10.0
413	8.0
414	7.0
415	10.0
416	17.0
417	12.0
418	7.0
419	6.0
420	4.0
421	18.0
422	12.0
423	15.0
424	10.0
425	9.0
426	10.0
427	8.0
428	9.0
429	13.0
430	11.0
431	18.0
432	11.0
433	5.0
434	11.0
435	9.0
436	9.0
437	16.0
438	10.0
439	11.0
440	16.0
441	14.0
442	6.0
443	14.0
444	12.0
445	18.0
446	14.0
447	12.0
448	8.0
449	10.0
450	13.0
451	9.0
452	17.0
453	11.0
454	12.0
455	12.0
456	10.0
457	11.0
458	11.0
459	9.0
460	12.0
461	10.0
462	15.0
463	13.0
464	14.0
465	6.0
466	15.0
467	10.0
468	11.0
469	11.0
470	10.0
471	10.0
472	12.0
473	2.0
474	9.0
475	8.0
476	7.0
477	10.0
478	14.0
479	12.0
480	9.0
481	9.0
482	12.0
483	8.0
484	14.0
485	6.0
486	14.0
487	10.0
488	11.0
489	18.0
490	8.0
491	10.0
492	8.0
493	8.0
494	3.0
495	11.0
496	10.0
497	14.0
498	13.0
499	12.0
500	9.0
501	19.0
502	7.0
503	12.0
504	9.0
505	7.0
506	10.0
507	12.0
508	12.0
509	11.0
510	4.0
511	9.0
512	10.0
513	13.0
514	8.0
515	11.0
516	8.0
517	14.0
518	8.0
519	14.0
520	14.0
521	10.0
522	12.0
523	15.0
524	7.0
525	5.0
526	7.0
527	7.0
528	13.0
529	10.0
530	6.0
531	11.0
532	15.0
533	10.0
534	9.0
535	10.0
536	7.0
537	10.0
538	11.0
539	9.0
540	6.0
541	9.0
542	14.0
543	10.0
544	6.0
545	20.0
546	10.0
547	5.0
548	12.0
549	13.0
550	4.0
551	10.0
552	13.0
553	9.0
554	10.0
555	5.0
556	8.0
557	8.0
558	9.0
559	9.0
560	7.0
561	3.0
562	2.0
563	8.0
564	10.0
565	7.0
566	13.0
567	4.0
568	6.0
569	12.0
570	7.0
571	5.0
572	7.0
573	14.0
574	12.0
575	16.0
576	13.0
577	10.0
578	8.0
579	10.0
580	6.0
581	9.0
582	14.0
583	10.0
584	9.0
585	7.0
586	4.0
587	9.0
588	10.0
589	9.0
590	7.0
591	5.0
592	8.0
593	3.0
594	5.0
595	12.0
596	7.0
597	11.0
598	6.0
599	2.0
600	5.0
601	7.0
602	9.0
603	10.0
604	9.0
605	14.0
606	5.0
607	7.0
608	12.0
609	5.0
610	9.0
611	11.0
612	10.0
613	11.0
614	9.0
615	9.0
616	10.0
617	10.0
618	8.0
619	7.0
620	7.0
621	11.0
622	7.0
623	12.0
624	7.0
625	11.0
626	8.0
627	12.0
628	5.0
629	2.0
630	7.0
631	5.0
632	5.0
633	3.0
634	3.0
635	8.0
636	7.0
637	7.0
638	16.0
639	9.0
640	10.0
641	3.0
642	18.0
643	14.0
644	8.0
645	7.0
646	22.0
647	10.0
648	13.0
649	8.0
650	6.0
651	7.0
652	11.0
653	9.0
654	13.0
655	6.0
656	14.0
657	15.0
658	8.0
659	11.0
660	8.0
661	12.0
662	17.0
663	7.0
664	11.0
665	17.0
666	13.0
667	13.0
668	11.0
669	9.0
670	15.0
671	6.0
672	14.0
673	12.0
674	10.0
675	13.0
676	16.0
677	20.0
678	18.0
679	8.0
680	11.0
681	14.0
682	19.0
683	11.0
684	15.0
685	19.0
686	15.0
687	15.0
688	9.0
689	17.0
690	7.0
691	11.0
692	10.0
693	16.0
694	9.0
695	27.0
696	20.0
697	16.0
698	14.0
699	13.0
700	21.0
701	19.0
702	16.0
703	15.0
704	20.0
705	16.0
706	23.0
707	8.0
708	20.0
709	23.0
710	25.0
711	14.0
712	28.0
713	25.0
714	23.0
715	19.0
716	23.0
717	20.0
718	19.0
719	32.0
720	24.0
721	23.0
722	26.0
723	23.0
724	20.0
725	27.0
726	27.0
727	20.0
728	26.0
729	22.0
730	21.0
731	22.0
732	18.0
733	30.0
734	29.0
735	27.0
736	22.0
737	23.0
738	30.0
739	26.0
740	23.0
741	30.0
742	35.0
743	17.0
744	26.0
745	24.0
746	25.0
747	32.0
748	34.0
749	37.0
750	27.0
751	37.0
752	26.0
753	21.0
754	32.0
755	32.0
756	29.0
757	31.0
758	31.0
759	25.0
760	21.0
761	27.0
762	26.0
763	17.0
764	23.0
765	30.0
766	29.0
767	21.0
768	22.0
769	39.0
770	24.0
771	25.0
772	23.0
773	27.0
774	32.0
775	22.0
776	30.0
777	24.0
778	19.0
779	26.0
780	31.0
781	18.0
782	19.0
783	16.0
784	22.0
785	26.0
786	25.0
787	25.0
788	18.0
789	23.0
790	26.0
791	18.0
792	20.0
793	19.0
794	21.0
795	24.0
796	30.0
797	24.0
798	23.0
799	17.0
800	15.0
801	29.0
802	24.0
803	20.0
804	24.0
805	23.0
806	21.0
807	23.0
808	17.0
809	18.0
810	13.0
811	15.0
812	16.0
813	24.0
814	19.0
815	17.0
816	13.0
817	14.0
818	22.0
819	11.0
820	18.0
821	16.0
822	14.0
823	13.0
824	12.0
825	16.0
826	19.0
827	12.0
828	12.0
829	9.0
830	12.0
831	17.0
832	14.0
833	8.0
834	12.0
835	9.0
836	19.0
837	11.0
838	12.0
839	13.0
840	16.0
841	9.0
842	9.0
843	10.0
844	8.0
845	3.0
846	14.0
847	4.0
848	8.0
849	10.0
850	3.0
851	13.0
852	6.0
853	7.0
854	6.0
855	9.0
856	8.0
857	4.0
858	6.0
859	5.0
860	10.0
861	9.0
862	7.0
863	6.0
864	10.0
865	8.0
866	5.0
867	6.0
868	7.0
869	8.0
870	4.0
871	4.0
872	4.0
873	6.0
874	2.0
875	4.0
876	5.0
877	3.0
878	2.0
879	3.0
880	2.0
881	5.0
882	3.0
883	5.0
884	5.0
885	6.0
886	3.0
887	3.0
888	6.0
889	5.0
890	2.0
891	5.0
892	6.0
893	1.0
894	6.0
895	2.0
896	3.0
897	4.0
898	3.0
899	5.0
900	5.0
901	3.0
902	5.0
903	3.0
904	7.0
905	3.0
906	3.0
907	2.0
908	4.0
909	4.0
910	4.0
911	1.0
912	2.0
913	2.0
914	4.0
915	1.0
916	4.0
917	1.0
918	4.0
919	1.0
920	3.0
921	0.0
922	1.0
923	3.0
924	3.0
925	5.0
926	0.0
927	0.0
928	2.0
929	5.0
930	1.0
931	4.0
932	2.0
933	0.0
934	2.0
935	1.0
936	2.0
937	2.0
938	2.0
939	0.0
940	7.0
941	4.0
942	0.0
943	2.0
944	1.0
945	2.0
946	1.0
947	2.0
948	4.0
949	0.0
950	2.0
951	3.0
952	1.0
953	2.0
954	0.0
955	2.0
956	2.0
957	3.0
958	1.0
959	1.0
960	2.0
961	1.0
962	2.0
963	1.0
964	2.0
965	0.0
966	6.0
967	3.0
968	4.0
969	1.0
970	1.0
971	0.0
972	3.0
973	3.0
974	1.0
975	1.0
976	5.0
977	2.0
978	5.0
979	3.0
980	4.0
981	1.0
982	1.0
983	1.0
984	2.0
985	2.0
986	0.0
987	3.0
988	4.0
989	2.0
990	1.0
991	3.0
992	3.0
993	3.0
994	1.0
995	3.0
996	3.0
997	2.0
998	0.0
999	0.0
1000	1.0
1001	3.0
1002	1.0
1003	0.0
1004	2.0
1005	1.0
1006	1.0
1007	1.0
1008	3.0
1009	0.0
1010	0.0
1011	0.0
1012	0.0
1013	0.0
1014	0.0
1015	0.0
1016	0.0
1017	0.0
1018	0.0
1019	0.0
1020	0.0
1021	0.0
1022	0.0
1023	0.0
1024	0.0
