Channel No.	Counts
1	0.0
2	0.0
3	694102.0
4	11979331.0
5	2347790.0
6	1002398.0
7	191623.0
8	44495.0
9	12143.0
10	5132.0
11	2381.0
12	1016.0
13	335.0
14	85.0
15	16.0
16	5.0
17	10.0
18	3.0
19	7.0
20	9.0
21	5.0
22	7.0
23	4.0
24	1.0
25	5.0
26	5.0
27	5.0
28	8.0
29	3.0
30	4.0
31	6.0
32	7.0
33	2.0
34	5.0
35	7.0
36	1.0
37	6.0
38	5.0
39	4.0
40	5.0
41	6.0
42	7.0
43	6.0
44	3.0
45	2.0
46	1.0
47	5.0
48	3.0
49	4.0
50	3.0
51	3.0
52	5.0
53	2.0
54	6.0
55	1.0
56	2.0
57	5.0
58	4.0
59	2.0
60	6.0
61	2.0
62	5.0
63	2.0
64	4.0
65	5.0
66	7.0
67	5.0
68	5.0
69	9.0
70	1.0
71	5.0
72	3.0
73	7.0
74	4.0
75	3.0
76	5.0
77	5.0
78	5.0
79	4.0
80	5.0
81	9.0
82	4.0
83	6.0
84	11.0
85	6.0
86	10.0
87	4.0
88	6.0
89	6.0
90	11.0
91	8.0
92	9.0
93	2.0
94	9.0
95	5.0
96	7.0
97	8.0
98	7.0
99	5.0
100	7.0
101	6.0
102	8.0
103	11.0
104	9.0
105	5.0
106	9.0
107	11.0
108	7.0
109	6.0
110	10.0
111	9.0
112	3.0
113	5.0
114	6.0
115	9.0
116	10.0
117	8.0
118	10.0
119	11.0
120	5.0
121	3.0
122	7.0
123	6.0
124	10.0
125	5.0
126	12.0
127	7.0
128	4.0
129	5.0
130	4.0
131	10.0
132	7.0
133	12.0
134	5.0
135	6.0
136	4.0
137	9.0
138	9.0
139	6.0
140	7.0
141	7.0
142	8.0
143	4.0
144	10.0
145	7.0
146	6.0
147	3.0
148	4.0
149	5.0
150	10.0
151	7.0
152	9.0
153	12.0
154	5.0
155	7.0
156	8.0
157	6.0
158	10.0
159	8.0
160	2.0
161	10.0
162	7.0
163	3.0
164	7.0
165	5.0
166	9.0
167	4.0
168	10.0
169	9.0
170	5.0
171	6.0
172	6.0
173	6.0
174	4.0
175	12.0
176	6.0
177	9.0
178	10.0
179	4.0
180	10.0
181	4.0
182	5.0
183	8.0
184	8.0
185	5.0
186	5.0
187	7.0
188	9.0
189	5.0
190	8.0
191	4.0
192	8.0
193	4.0
194	4.0
195	12.0
196	7.0
197	10.0
198	5.0
199	6.0
200	11.0
201	6.0
202	4.0
203	10.0
204	5.0
205	7.0
206	4.0
207	8.0
208	9.0
209	4.0
210	7.0
211	4.0
212	8.0
213	9.0
214	6.0
215	6.0
216	6.0
217	6.0
218	4.0
219	6.0
220	7.0
221	10.0
222	4.0
223	4.0
224	8.0
225	2.0
226	9.0
227	6.0
228	4.0
229	5.0
230	9.0
231	3.0
232	4.0
233	12.0
234	4.0
235	7.0
236	6.0
237	6.0
238	5.0
239	6.0
240	6.0
241	7.0
242	6.0
243	6.0
244	7.0
245	8.0
246	2.0
247	2.0
248	4.0
249	9.0
250	3.0
251	5.0
252	5.0
253	8.0
254	8.0
255	4.0
256	4.0
257	5.0
258	7.0
259	9.0
260	6.0
261	11.0
262	9.0
263	5.0
264	6.0
265	7.0
266	13.0
267	7.0
268	7.0
269	4.0
270	4.0
271	1.0
272	10.0
273	3.0
274	10.0
275	8.0
276	5.0
277	6.0
278	1.0
279	6.0
280	9.0
281	10.0
282	5.0
283	5.0
284	10.0
285	9.0
286	7.0
287	4.0
288	7.0
289	8.0
290	5.0
291	4.0
292	9.0
293	2.0
294	3.0
295	3.0
296	2.0
297	5.0
298	6.0
299	12.0
300	5.0
301	9.0
302	3.0
303	9.0
304	9.0
305	2.0
306	7.0
307	9.0
308	5.0
309	7.0
310	8.0
311	5.0
312	5.0
313	6.0
314	5.0
315	7.0
316	7.0
317	2.0
318	9.0
319	5.0
320	3.0
321	10.0
322	3.0
323	3.0
324	1.0
325	6.0
326	6.0
327	5.0
328	8.0
329	9.0
330	4.0
331	5.0
332	3.0
333	5.0
334	8.0
335	3.0
336	4.0
337	1.0
338	4.0
339	1.0
340	3.0
341	1.0
342	4.0
343	4.0
344	7.0
345	5.0
346	8.0
347	5.0
348	6.0
349	5.0
350	8.0
351	7.0
352	5.0
353	6.0
354	8.0
355	9.0
356	8.0
357	3.0
358	6.0
359	4.0
360	8.0
361	2.0
362	7.0
363	1.0
364	5.0
365	1.0
366	7.0
367	6.0
368	3.0
369	5.0
370	9.0
371	2.0
372	4.0
373	6.0
374	9.0
375	8.0
376	4.0
377	5.0
378	9.0
379	6.0
380	5.0
381	3.0
382	7.0
383	5.0
384	3.0
385	3.0
386	8.0
387	4.0
388	8.0
389	5.0
390	2.0
391	8.0
392	3.0
393	3.0
394	6.0
395	4.0
396	3.0
397	2.0
398	7.0
399	3.0
400	3.0
401	5.0
402	4.0
403	7.0
404	6.0
405	6.0
406	5.0
407	4.0
408	3.0
409	10.0
410	4.0
411	3.0
412	4.0
413	3.0
414	4.0
415	5.0
416	4.0
417	3.0
418	2.0
419	2.0
420	3.0
421	2.0
422	1.0
423	5.0
424	4.0
425	5.0
426	7.0
427	3.0
428	5.0
429	3.0
430	4.0
431	3.0
432	2.0
433	6.0
434	0.0
435	2.0
436	3.0
437	4.0
438	5.0
439	4.0
440	4.0
441	3.0
442	5.0
443	3.0
444	7.0
445	5.0
446	4.0
447	2.0
448	2.0
449	5.0
450	5.0
451	2.0
452	4.0
453	4.0
454	4.0
455	8.0
456	3.0
457	4.0
458	8.0
459	4.0
460	8.0
461	3.0
462	3.0
463	3.0
464	1.0
465	4.0
466	5.0
467	1.0
468	2.0
469	6.0
470	4.0
471	2.0
472	5.0
473	1.0
474	3.0
475	3.0
476	2.0
477	7.0
478	5.0
479	6.0
480	7.0
481	2.0
482	2.0
483	4.0
484	4.0
485	2.0
486	5.0
487	2.0
488	4.0
489	1.0
490	3.0
491	5.0
492	2.0
493	6.0
494	6.0
495	7.0
496	2.0
497	3.0
498	4.0
499	4.0
500	3.0
501	2.0
502	2.0
503	8.0
504	2.0
505	3.0
506	6.0
507	4.0
508	4.0
509	4.0
510	1.0
511	4.0
512	0.0
513	6.0
514	5.0
515	1.0
516	3.0
517	3.0
518	7.0
519	4.0
520	2.0
521	4.0
522	2.0
523	6.0
524	2.0
525	1.0
526	1.0
527	4.0
528	2.0
529	1.0
530	6.0
531	3.0
532	2.0
533	3.0
534	4.0
535	0.0
536	4.0
537	2.0
538	3.0
539	8.0
540	6.0
541	5.0
542	3.0
543	4.0
544	3.0
545	2.0
546	2.0
547	5.0
548	2.0
549	2.0
550	7.0
551	4.0
552	5.0
553	4.0
554	3.0
555	4.0
556	3.0
557	4.0
558	1.0
559	2.0
560	4.0
561	2.0
562	3.0
563	5.0
564	3.0
565	3.0
566	2.0
567	2.0
568	2.0
569	4.0
570	1.0
571	6.0
572	1.0
573	3.0
574	0.0
575	1.0
576	4.0
577	5.0
578	4.0
579	2.0
580	1.0
581	7.0
582	1.0
583	3.0
584	4.0
585	5.0
586	2.0
587	4.0
588	5.0
589	3.0
590	1.0
591	2.0
592	1.0
593	3.0
594	1.0
595	3.0
596	1.0
597	7.0
598	1.0
599	2.0
600	4.0
601	4.0
602	6.0
603	3.0
604	3.0
605	3.0
606	2.0
607	3.0
608	6.0
609	5.0
610	2.0
611	1.0
612	8.0
613	2.0
614	1.0
615	3.0
616	0.0
617	6.0
618	4.0
619	6.0
620	2.0
621	2.0
622	7.0
623	9.0
624	2.0
625	2.0
626	1.0
627	1.0
628	3.0
629	3.0
630	2.0
631	1.0
632	6.0
633	3.0
634	1.0
635	3.0
636	5.0
637	3.0
638	0.0
639	6.0
640	3.0
641	4.0
642	2.0
643	4.0
644	2.0
645	5.0
646	6.0
647	4.0
648	3.0
649	2.0
650	2.0
651	5.0
652	2.0
653	2.0
654	4.0
655	2.0
656	3.0
657	3.0
658	1.0
659	3.0
660	4.0
661	4.0
662	4.0
663	4.0
664	4.0
665	3.0
666	2.0
667	3.0
668	7.0
669	2.0
670	3.0
671	1.0
672	0.0
673	4.0
674	2.0
675	6.0
676	2.0
677	6.0
678	2.0
679	4.0
680	2.0
681	4.0
682	4.0
683	4.0
684	8.0
685	2.0
686	0.0
687	4.0
688	5.0
689	5.0
690	2.0
691	6.0
692	1.0
693	2.0
694	5.0
695	1.0
696	2.0
697	6.0
698	2.0
699	4.0
700	0.0
701	5.0
702	2.0
703	1.0
704	3.0
705	9.0
706	2.0
707	3.0
708	3.0
709	1.0
710	4.0
711	4.0
712	4.0
713	2.0
714	4.0
715	2.0
716	4.0
717	3.0
718	3.0
719	2.0
720	7.0
721	4.0
722	3.0
723	5.0
724	2.0
725	5.0
726	5.0
727	4.0
728	3.0
729	2.0
730	3.0
731	4.0
732	2.0
733	5.0
734	2.0
735	2.0
736	0.0
737	2.0
738	4.0
739	2.0
740	1.0
741	4.0
742	3.0
743	3.0
744	4.0
745	1.0
746	3.0
747	1.0
748	2.0
749	1.0
750	2.0
751	6.0
752	3.0
753	2.0
754	1.0
755	4.0
756	2.0
757	3.0
758	5.0
759	3.0
760	2.0
761	2.0
762	4.0
763	4.0
764	7.0
765	2.0
766	2.0
767	5.0
768	1.0
769	2.0
770	0.0
771	3.0
772	1.0
773	0.0
774	1.0
775	3.0
776	3.0
777	5.0
778	4.0
779	2.0
780	5.0
781	2.0
782	4.0
783	1.0
784	1.0
785	3.0
786	3.0
787	6.0
788	4.0
789	2.0
790	6.0
791	1.0
792	4.0
793	6.0
794	2.0
795	1.0
796	4.0
797	1.0
798	2.0
799	2.0
800	1.0
801	1.0
802	1.0
803	3.0
804	6.0
805	3.0
806	2.0
807	3.0
808	4.0
809	3.0
810	4.0
811	1.0
812	0.0
813	3.0
814	2.0
815	3.0
816	2.0
817	1.0
818	1.0
819	2.0
820	2.0
821	4.0
822	7.0
823	1.0
824	2.0
825	1.0
826	5.0
827	1.0
828	1.0
829	2.0
830	1.0
831	1.0
832	3.0
833	4.0
834	2.0
835	4.0
836	0.0
837	4.0
838	5.0
839	3.0
840	1.0
841	4.0
842	1.0
843	5.0
844	1.0
845	1.0
846	5.0
847	3.0
848	5.0
849	3.0
850	3.0
851	4.0
852	4.0
853	1.0
854	1.0
855	4.0
856	2.0
857	1.0
858	1.0
859	1.0
860	1.0
861	1.0
862	2.0
863	3.0
864	1.0
865	2.0
866	1.0
867	1.0
868	4.0
869	3.0
870	1.0
871	2.0
872	1.0
873	3.0
874	1.0
875	6.0
876	1.0
877	2.0
878	4.0
879	1.0
880	2.0
881	1.0
882	3.0
883	2.0
884	4.0
885	2.0
886	1.0
887	2.0
888	0.0
889	3.0
890	4.0
891	2.0
892	0.0
893	1.0
894	0.0
895	5.0
896	2.0
897	1.0
898	1.0
899	2.0
900	0.0
901	1.0
902	1.0
903	1.0
904	2.0
905	4.0
906	4.0
907	2.0
908	3.0
909	2.0
910	2.0
911	2.0
912	1.0
913	2.0
914	3.0
915	2.0
916	2.0
917	2.0
918	2.0
919	0.0
920	1.0
921	5.0
922	4.0
923	2.0
924	0.0
925	1.0
926	4.0
927	2.0
928	2.0
929	2.0
930	1.0
931	3.0
932	1.0
933	3.0
934	4.0
935	8.0
936	3.0
937	4.0
938	1.0
939	3.0
940	0.0
941	1.0
942	1.0
943	4.0
944	3.0
945	1.0
946	0.0
947	3.0
948	5.0
949	0.0
950	3.0
951	2.0
952	1.0
953	1.0
954	3.0
955	0.0
956	2.0
957	5.0
958	1.0
959	0.0
960	5.0
961	0.0
962	1.0
963	2.0
964	1.0
965	2.0
966	4.0
967	0.0
968	0.0
969	0.0
970	2.0
971	2.0
972	4.0
973	2.0
974	1.0
975	1.0
976	2.0
977	2.0
978	0.0
979	3.0
980	1.0
981	2.0
982	3.0
983	3.0
984	1.0
985	1.0
986	4.0
987	3.0
988	3.0
989	0.0
990	1.0
991	0.0
992	2.0
993	1.0
994	4.0
995	0.0
996	4.0
997	0.0
998	2.0
999	1.0
1000	1.0
1001	3.0
1002	2.0
1003	3.0
1004	1.0
1005	1.0
1006	4.0
1007	1.0
1008	1.0
1009	0.0
1010	0.0
1011	0.0
1012	0.0
1013	0.0
1014	0.0
1015	0.0
1016	0.0
1017	0.0
1018	0.0
1019	0.0
1020	0.0
1021	0.0
1022	0.0
1023	0.0
1024	0.0
