Channel No.	Counts
1	0.0
2	0.0
3	463600.0
4	9554162.0
5	11388146.0
6	10182126.0
7	3535804.0
8	1822796.0
9	1139307.0
10	524116.0
11	137068.0
12	44746.0
13	19437.0
14	10855.0
15	7831.0
16	5605.0
17	3798.0
18	2324.0
19	1311.0
20	575.0
21	221.0
22	75.0
23	35.0
24	18.0
25	14.0
26	13.0
27	15.0
28	14.0
29	8.0
30	7.0
31	10.0
32	8.0
33	6.0
34	4.0
35	3.0
36	6.0
37	9.0
38	2.0
39	1.0
40	7.0
41	12.0
42	6.0
43	3.0
44	5.0
45	4.0
46	8.0
47	10.0
48	6.0
49	8.0
50	6.0
51	8.0
52	8.0
53	7.0
54	3.0
55	2.0
56	9.0
57	6.0
58	8.0
59	5.0
60	9.0
61	6.0
62	5.0
63	5.0
64	7.0
65	4.0
66	3.0
67	9.0
68	10.0
69	9.0
70	7.0
71	12.0
72	6.0
73	10.0
74	5.0
75	6.0
76	2.0
77	7.0
78	6.0
79	4.0
80	4.0
81	5.0
82	9.0
83	4.0
84	4.0
85	7.0
86	7.0
87	3.0
88	12.0
89	12.0
90	6.0
91	6.0
92	12.0
93	7.0
94	10.0
95	14.0
96	8.0
97	5.0
98	5.0
99	13.0
100	8.0
101	13.0
102	9.0
103	11.0
104	13.0
105	13.0
106	6.0
107	8.0
108	8.0
109	7.0
110	12.0
111	8.0
112	11.0
113	9.0
114	14.0
115	12.0
116	16.0
117	13.0
118	12.0
119	16.0
120	7.0
121	14.0
122	12.0
123	5.0
124	8.0
125	10.0
126	10.0
127	5.0
128	7.0
129	7.0
130	8.0
131	15.0
132	7.0
133	3.0
134	7.0
135	8.0
136	4.0
137	7.0
138	10.0
139	7.0
140	9.0
141	10.0
142	14.0
143	8.0
144	12.0
145	5.0
146	5.0
147	9.0
148	10.0
149	9.0
150	6.0
151	5.0
152	5.0
153	3.0
154	11.0
155	9.0
156	5.0
157	13.0
158	10.0
159	11.0
160	9.0
161	13.0
162	3.0
163	7.0
164	9.0
165	8.0
166	9.0
167	8.0
168	7.0
169	7.0
170	9.0
171	10.0
172	13.0
173	12.0
174	10.0
175	7.0
176	6.0
177	6.0
178	6.0
179	6.0
180	4.0
181	9.0
182	8.0
183	11.0
184	6.0
185	7.0
186	7.0
187	8.0
188	6.0
189	5.0
190	5.0
191	7.0
192	6.0
193	6.0
194	6.0
195	10.0
196	6.0
197	10.0
198	9.0
199	12.0
200	9.0
201	9.0
202	8.0
203	9.0
204	7.0
205	7.0
206	7.0
207	9.0
208	7.0
209	3.0
210	7.0
211	9.0
212	8.0
213	12.0
214	12.0
215	10.0
216	8.0
217	12.0
218	5.0
219	8.0
220	8.0
221	9.0
222	10.0
223	5.0
224	6.0
225	5.0
226	17.0
227	10.0
228	8.0
229	10.0
230	6.0
231	9.0
232	10.0
233	5.0
234	9.0
235	13.0
236	5.0
237	7.0
238	7.0
239	3.0
240	5.0
241	12.0
242	5.0
243	13.0
244	9.0
245	11.0
246	4.0
247	9.0
248	6.0
249	6.0
250	6.0
251	6.0
252	4.0
253	5.0
254	7.0
255	10.0
256	13.0
257	12.0
258	10.0
259	10.0
260	13.0
261	8.0
262	6.0
263	6.0
264	6.0
265	10.0
266	6.0
267	3.0
268	6.0
269	6.0
270	7.0
271	8.0
272	8.0
273	6.0
274	9.0
275	8.0
276	11.0
277	8.0
278	8.0
279	7.0
280	10.0
281	14.0
282	7.0
283	3.0
284	6.0
285	12.0
286	6.0
287	6.0
288	3.0
289	7.0
290	9.0
291	5.0
292	8.0
293	9.0
294	12.0
295	6.0
296	9.0
297	9.0
298	7.0
299	9.0
300	9.0
301	5.0
302	11.0
303	6.0
304	11.0
305	6.0
306	8.0
307	4.0
308	6.0
309	6.0
310	8.0
311	11.0
312	6.0
313	6.0
314	2.0
315	7.0
316	10.0
317	4.0
318	7.0
319	4.0
320	7.0
321	5.0
322	7.0
323	7.0
324	9.0
325	7.0
326	8.0
327	7.0
328	7.0
329	4.0
330	13.0
331	3.0
332	9.0
333	13.0
334	11.0
335	7.0
336	7.0
337	6.0
338	12.0
339	7.0
340	8.0
341	4.0
342	9.0
343	11.0
344	9.0
345	4.0
346	5.0
347	4.0
348	0.0
349	7.0
350	5.0
351	9.0
352	7.0
353	9.0
354	6.0
355	5.0
356	5.0
357	6.0
358	4.0
359	4.0
360	5.0
361	12.0
362	5.0
363	7.0
364	5.0
365	12.0
366	3.0
367	6.0
368	2.0
369	6.0
370	6.0
371	6.0
372	8.0
373	5.0
374	3.0
375	4.0
376	12.0
377	13.0
378	5.0
379	2.0
380	4.0
381	7.0
382	6.0
383	10.0
384	9.0
385	7.0
386	9.0
387	7.0
388	1.0
389	6.0
390	4.0
391	7.0
392	9.0
393	4.0
394	7.0
395	3.0
396	6.0
397	8.0
398	5.0
399	5.0
400	5.0
401	3.0
402	6.0
403	4.0
404	3.0
405	7.0
406	9.0
407	8.0
408	4.0
409	5.0
410	8.0
411	6.0
412	5.0
413	7.0
414	8.0
415	4.0
416	3.0
417	7.0
418	6.0
419	6.0
420	7.0
421	4.0
422	7.0
423	4.0
424	5.0
425	6.0
426	6.0
427	7.0
428	8.0
429	1.0
430	6.0
431	7.0
432	1.0
433	10.0
434	7.0
435	8.0
436	3.0
437	4.0
438	2.0
439	6.0
440	5.0
441	7.0
442	3.0
443	5.0
444	3.0
445	12.0
446	5.0
447	7.0
448	8.0
449	5.0
450	9.0
451	4.0
452	6.0
453	6.0
454	8.0
455	7.0
456	7.0
457	3.0
458	8.0
459	7.0
460	4.0
461	4.0
462	7.0
463	6.0
464	8.0
465	10.0
466	7.0
467	2.0
468	5.0
469	4.0
470	4.0
471	4.0
472	5.0
473	4.0
474	3.0
475	2.0
476	4.0
477	4.0
478	2.0
479	9.0
480	7.0
481	3.0
482	6.0
483	8.0
484	4.0
485	3.0
486	7.0
487	3.0
488	8.0
489	3.0
490	3.0
491	6.0
492	1.0
493	6.0
494	7.0
495	2.0
496	4.0
497	3.0
498	3.0
499	6.0
500	3.0
501	5.0
502	4.0
503	4.0
504	6.0
505	3.0
506	3.0
507	1.0
508	5.0
509	3.0
510	7.0
511	5.0
512	5.0
513	4.0
514	3.0
515	7.0
516	6.0
517	8.0
518	4.0
519	4.0
520	1.0
521	3.0
522	3.0
523	3.0
524	5.0
525	4.0
526	3.0
527	5.0
528	7.0
529	3.0
530	8.0
531	6.0
532	5.0
533	8.0
534	4.0
535	2.0
536	3.0
537	10.0
538	2.0
539	3.0
540	1.0
541	3.0
542	5.0
543	8.0
544	4.0
545	5.0
546	2.0
547	2.0
548	2.0
549	6.0
550	4.0
551	5.0
552	5.0
553	2.0
554	3.0
555	9.0
556	2.0
557	5.0
558	5.0
559	5.0
560	3.0
561	6.0
562	6.0
563	2.0
564	5.0
565	1.0
566	4.0
567	4.0
568	5.0
569	6.0
570	5.0
571	5.0
572	7.0
573	2.0
574	7.0
575	6.0
576	2.0
577	6.0
578	1.0
579	3.0
580	5.0
581	4.0
582	10.0
583	5.0
584	6.0
585	5.0
586	7.0
587	2.0
588	5.0
589	4.0
590	6.0
591	6.0
592	3.0
593	2.0
594	4.0
595	7.0
596	4.0
597	4.0
598	1.0
599	1.0
600	4.0
601	4.0
602	6.0
603	6.0
604	3.0
605	5.0
606	3.0
607	10.0
608	3.0
609	6.0
610	3.0
611	5.0
612	2.0
613	2.0
614	3.0
615	3.0
616	8.0
617	8.0
618	3.0
619	4.0
620	10.0
621	3.0
622	6.0
623	4.0
624	3.0
625	9.0
626	5.0
627	1.0
628	2.0
629	3.0
630	6.0
631	3.0
632	9.0
633	5.0
634	6.0
635	6.0
636	5.0
637	7.0
638	2.0
639	9.0
640	8.0
641	7.0
642	5.0
643	5.0
644	4.0
645	1.0
646	3.0
647	6.0
648	3.0
649	5.0
650	2.0
651	7.0
652	8.0
653	10.0
654	2.0
655	1.0
656	1.0
657	6.0
658	7.0
659	8.0
660	4.0
661	6.0
662	5.0
663	6.0
664	6.0
665	5.0
666	4.0
667	6.0
668	10.0
669	7.0
670	5.0
671	3.0
672	6.0
673	7.0
674	5.0
675	1.0
676	4.0
677	3.0
678	5.0
679	4.0
680	3.0
681	6.0
682	4.0
683	5.0
684	4.0
685	2.0
686	5.0
687	4.0
688	3.0
689	8.0
690	4.0
691	4.0
692	1.0
693	10.0
694	4.0
695	4.0
696	8.0
697	2.0
698	5.0
699	4.0
700	4.0
701	8.0
702	2.0
703	8.0
704	6.0
705	4.0
706	3.0
707	3.0
708	2.0
709	5.0
710	5.0
711	3.0
712	6.0
713	3.0
714	6.0
715	3.0
716	4.0
717	3.0
718	7.0
719	3.0
720	9.0
721	4.0
722	4.0
723	3.0
724	5.0
725	5.0
726	0.0
727	5.0
728	2.0
729	4.0
730	3.0
731	2.0
732	4.0
733	5.0
734	1.0
735	2.0
736	2.0
737	2.0
738	1.0
739	5.0
740	8.0
741	4.0
742	6.0
743	5.0
744	2.0
745	5.0
746	2.0
747	4.0
748	3.0
749	3.0
750	1.0
751	6.0
752	6.0
753	10.0
754	4.0
755	3.0
756	6.0
757	2.0
758	2.0
759	3.0
760	9.0
761	2.0
762	5.0
763	3.0
764	2.0
765	3.0
766	6.0
767	5.0
768	7.0
769	4.0
770	4.0
771	6.0
772	2.0
773	5.0
774	3.0
775	2.0
776	3.0
777	4.0
778	3.0
779	3.0
780	8.0
781	5.0
782	3.0
783	2.0
784	4.0
785	6.0
786	5.0
787	4.0
788	1.0
789	4.0
790	2.0
791	3.0
792	2.0
793	8.0
794	6.0
795	3.0
796	6.0
797	3.0
798	3.0
799	3.0
800	4.0
801	4.0
802	4.0
803	5.0
804	4.0
805	2.0
806	4.0
807	5.0
808	3.0
809	5.0
810	3.0
811	2.0
812	4.0
813	3.0
814	0.0
815	6.0
816	7.0
817	8.0
818	4.0
819	2.0
820	3.0
821	2.0
822	5.0
823	4.0
824	4.0
825	2.0
826	4.0
827	2.0
828	3.0
829	5.0
830	0.0
831	3.0
832	3.0
833	2.0
834	4.0
835	3.0
836	4.0
837	3.0
838	2.0
839	5.0
840	5.0
841	3.0
842	2.0
843	4.0
844	5.0
845	4.0
846	3.0
847	6.0
848	4.0
849	3.0
850	4.0
851	3.0
852	1.0
853	2.0
854	2.0
855	5.0
856	3.0
857	8.0
858	6.0
859	3.0
860	5.0
861	2.0
862	2.0
863	1.0
864	0.0
865	2.0
866	2.0
867	3.0
868	5.0
869	5.0
870	2.0
871	2.0
872	5.0
873	3.0
874	2.0
875	4.0
876	2.0
877	3.0
878	1.0
879	2.0
880	4.0
881	4.0
882	0.0
883	5.0
884	4.0
885	4.0
886	2.0
887	4.0
888	3.0
889	4.0
890	0.0
891	4.0
892	4.0
893	1.0
894	2.0
895	0.0
896	6.0
897	2.0
898	3.0
899	5.0
900	3.0
901	1.0
902	3.0
903	5.0
904	3.0
905	2.0
906	5.0
907	2.0
908	3.0
909	6.0
910	4.0
911	2.0
912	3.0
913	2.0
914	1.0
915	1.0
916	2.0
917	2.0
918	0.0
919	4.0
920	1.0
921	1.0
922	2.0
923	1.0
924	2.0
925	1.0
926	4.0
927	4.0
928	2.0
929	3.0
930	2.0
931	2.0
932	0.0
933	3.0
934	2.0
935	2.0
936	4.0
937	2.0
938	1.0
939	4.0
940	4.0
941	5.0
942	2.0
943	3.0
944	4.0
945	4.0
946	1.0
947	4.0
948	5.0
949	3.0
950	2.0
951	2.0
952	0.0
953	5.0
954	3.0
955	2.0
956	2.0
957	2.0
958	6.0
959	0.0
960	2.0
961	0.0
962	5.0
963	1.0
964	2.0
965	4.0
966	3.0
967	1.0
968	1.0
969	2.0
970	1.0
971	4.0
972	4.0
973	2.0
974	3.0
975	4.0
976	2.0
977	1.0
978	2.0
979	1.0
980	1.0
981	2.0
982	1.0
983	3.0
984	1.0
985	2.0
986	2.0
987	3.0
988	2.0
989	4.0
990	3.0
991	1.0
992	0.0
993	0.0
994	2.0
995	4.0
996	3.0
997	0.0
998	3.0
999	1.0
1000	2.0
1001	2.0
1002	2.0
1003	0.0
1004	4.0
1005	4.0
1006	4.0
1007	4.0
1008	2.0
1009	0.0
1010	0.0
1011	0.0
1012	0.0
1013	0.0
1014	0.0
1015	0.0
1016	0.0
1017	0.0
1018	0.0
1019	0.0
1020	0.0
1021	0.0
1022	0.0
1023	0.0
1024	0.0
