Channel No.	Counts
1	0.0
2	5.0
3	574072.0
4	10622453.0
5	12222473.0
6	7912194.0
7	2858666.0
8	1707401.0
9	1033051.0
10	417663.0
11	131713.0
12	46111.0
13	18787.0
14	10304.0
15	6736.0
16	4274.0
17	2496.0
18	1320.0
19	581.0
20	214.0
21	53.0
22	21.0
23	23.0
24	8.0
25	9.0
26	9.0
27	10.0
28	8.0
29	9.0
30	8.0
31	9.0
32	8.0
33	9.0
34	11.0
35	5.0
36	7.0
37	8.0
38	9.0
39	8.0
40	11.0
41	8.0
42	11.0
43	10.0
44	15.0
45	8.0
46	9.0
47	6.0
48	7.0
49	8.0
50	10.0
51	9.0
52	8.0
53	5.0
54	10.0
55	9.0
56	11.0
57	8.0
58	8.0
59	14.0
60	4.0
61	11.0
62	10.0
63	11.0
64	9.0
65	13.0
66	13.0
67	6.0
68	5.0
69	6.0
70	9.0
71	8.0
72	13.0
73	8.0
74	6.0
75	13.0
76	15.0
77	5.0
78	10.0
79	8.0
80	11.0
81	14.0
82	13.0
83	11.0
84	6.0
85	7.0
86	7.0
87	8.0
88	12.0
89	12.0
90	9.0
91	13.0
92	10.0
93	20.0
94	13.0
95	9.0
96	6.0
97	5.0
98	13.0
99	14.0
100	16.0
101	11.0
102	12.0
103	13.0
104	16.0
105	9.0
106	7.0
107	15.0
108	8.0
109	16.0
110	17.0
111	11.0
112	16.0
113	12.0
114	17.0
115	11.0
116	12.0
117	9.0
118	16.0
119	16.0
120	14.0
121	19.0
122	12.0
123	12.0
124	16.0
125	9.0
126	13.0
127	11.0
128	20.0
129	17.0
130	16.0
131	13.0
132	7.0
133	16.0
134	10.0
135	8.0
136	12.0
137	14.0
138	13.0
139	9.0
140	19.0
141	18.0
142	5.0
143	12.0
144	13.0
145	14.0
146	11.0
147	14.0
148	11.0
149	7.0
150	9.0
151	12.0
152	9.0
153	12.0
154	17.0
155	15.0
156	16.0
157	11.0
158	18.0
159	7.0
160	8.0
161	17.0
162	15.0
163	16.0
164	11.0
165	16.0
166	8.0
167	13.0
168	18.0
169	17.0
170	10.0
171	13.0
172	12.0
173	16.0
174	9.0
175	20.0
176	13.0
177	12.0
178	15.0
179	12.0
180	16.0
181	11.0
182	18.0
183	12.0
184	11.0
185	8.0
186	19.0
187	15.0
188	15.0
189	11.0
190	14.0
191	23.0
192	16.0
193	6.0
194	19.0
195	18.0
196	22.0
197	11.0
198	12.0
199	13.0
200	17.0
201	18.0
202	16.0
203	17.0
204	17.0
205	18.0
206	7.0
207	14.0
208	14.0
209	17.0
210	20.0
211	14.0
212	15.0
213	17.0
214	13.0
215	14.0
216	6.0
217	19.0
218	15.0
219	13.0
220	12.0
221	9.0
222	13.0
223	10.0
224	15.0
225	14.0
226	16.0
227	14.0
228	15.0
229	22.0
230	8.0
231	12.0
232	14.0
233	17.0
234	19.0
235	14.0
236	13.0
237	9.0
238	13.0
239	12.0
240	14.0
241	15.0
242	16.0
243	19.0
244	5.0
245	11.0
246	19.0
247	24.0
248	7.0
249	12.0
250	11.0
251	13.0
252	9.0
253	11.0
254	13.0
255	11.0
256	9.0
257	15.0
258	14.0
259	9.0
260	11.0
261	9.0
262	11.0
263	12.0
264	8.0
265	9.0
266	12.0
267	12.0
268	15.0
269	15.0
270	12.0
271	16.0
272	18.0
273	6.0
274	10.0
275	11.0
276	15.0
277	15.0
278	9.0
279	16.0
280	5.0
281	9.0
282	16.0
283	14.0
284	14.0
285	12.0
286	11.0
287	12.0
288	17.0
289	12.0
290	26.0
291	14.0
292	15.0
293	17.0
294	11.0
295	10.0
296	11.0
297	12.0
298	17.0
299	12.0
300	6.0
301	9.0
302	18.0
303	17.0
304	8.0
305	9.0
306	9.0
307	11.0
308	15.0
309	18.0
310	11.0
311	14.0
312	16.0
313	13.0
314	12.0
315	13.0
316	11.0
317	22.0
318	12.0
319	14.0
320	7.0
321	17.0
322	8.0
323	12.0
324	10.0
325	12.0
326	11.0
327	12.0
328	20.0
329	12.0
330	21.0
331	15.0
332	13.0
333	20.0
334	13.0
335	19.0
336	13.0
337	8.0
338	13.0
339	15.0
340	7.0
341	19.0
342	8.0
343	14.0
344	16.0
345	15.0
346	13.0
347	19.0
348	16.0
349	15.0
350	14.0
351	13.0
352	17.0
353	16.0
354	16.0
355	23.0
356	28.0
357	21.0
358	21.0
359	17.0
360	18.0
361	12.0
362	16.0
363	28.0
364	27.0
365	15.0
366	29.0
367	22.0
368	22.0
369	15.0
370	25.0
371	16.0
372	32.0
373	20.0
374	27.0
375	22.0
376	25.0
377	28.0
378	29.0
379	29.0
380	23.0
381	32.0
382	17.0
383	34.0
384	26.0
385	34.0
386	18.0
387	31.0
388	33.0
389	32.0
390	40.0
391	18.0
392	26.0
393	27.0
394	26.0
395	28.0
396	29.0
397	29.0
398	23.0
399	18.0
400	20.0
401	30.0
402	32.0
403	29.0
404	26.0
405	25.0
406	26.0
407	31.0
408	20.0
409	25.0
410	21.0
411	22.0
412	19.0
413	30.0
414	29.0
415	20.0
416	25.0
417	14.0
418	18.0
419	18.0
420	17.0
421	18.0
422	30.0
423	18.0
424	16.0
425	19.0
426	21.0
427	22.0
428	15.0
429	18.0
430	26.0
431	18.0
432	9.0
433	9.0
434	19.0
435	23.0
436	13.0
437	14.0
438	17.0
439	13.0
440	14.0
441	10.0
442	9.0
443	15.0
444	6.0
445	12.0
446	9.0
447	10.0
448	6.0
449	10.0
450	7.0
451	7.0
452	12.0
453	6.0
454	12.0
455	9.0
456	8.0
457	7.0
458	14.0
459	6.0
460	9.0
461	10.0
462	9.0
463	6.0
464	5.0
465	4.0
466	5.0
467	7.0
468	4.0
469	8.0
470	9.0
471	6.0
472	9.0
473	11.0
474	11.0
475	11.0
476	12.0
477	8.0
478	6.0
479	10.0
480	4.0
481	8.0
482	5.0
483	4.0
484	7.0
485	10.0
486	8.0
487	8.0
488	7.0
489	10.0
490	5.0
491	6.0
492	9.0
493	9.0
494	5.0
495	5.0
496	4.0
497	3.0
498	6.0
499	7.0
500	5.0
501	9.0
502	6.0
503	8.0
504	10.0
505	6.0
506	5.0
507	9.0
508	4.0
509	6.0
510	8.0
511	4.0
512	6.0
513	4.0
514	8.0
515	6.0
516	6.0
517	12.0
518	5.0
519	6.0
520	4.0
521	5.0
522	5.0
523	7.0
524	5.0
525	4.0
526	10.0
527	7.0
528	3.0
529	6.0
530	2.0
531	4.0
532	4.0
533	6.0
534	11.0
535	5.0
536	5.0
537	5.0
538	8.0
539	8.0
540	7.0
541	5.0
542	8.0
543	6.0
544	4.0
545	8.0
546	6.0
547	9.0
548	9.0
549	4.0
550	10.0
551	7.0
552	5.0
553	7.0
554	5.0
555	5.0
556	9.0
557	7.0
558	4.0
559	3.0
560	9.0
561	2.0
562	4.0
563	4.0
564	3.0
565	10.0
566	7.0
567	10.0
568	3.0
569	3.0
570	6.0
571	6.0
572	4.0
573	4.0
574	6.0
575	7.0
576	4.0
577	6.0
578	5.0
579	4.0
580	5.0
581	6.0
582	7.0
583	3.0
584	7.0
585	18.0
586	4.0
587	2.0
588	5.0
589	2.0
590	3.0
591	6.0
592	4.0
593	4.0
594	5.0
595	4.0
596	3.0
597	4.0
598	6.0
599	6.0
600	3.0
601	5.0
602	5.0
603	6.0
604	7.0
605	5.0
606	5.0
607	3.0
608	5.0
609	8.0
610	3.0
611	5.0
612	3.0
613	4.0
614	8.0
615	4.0
616	6.0
617	3.0
618	8.0
619	3.0
620	10.0
621	3.0
622	1.0
623	11.0
624	2.0
625	3.0
626	5.0
627	2.0
628	6.0
629	3.0
630	9.0
631	7.0
632	7.0
633	6.0
634	3.0
635	8.0
636	5.0
637	3.0
638	9.0
639	1.0
640	5.0
641	6.0
642	5.0
643	8.0
644	5.0
645	3.0
646	7.0
647	7.0
648	4.0
649	8.0
650	6.0
651	6.0
652	2.0
653	7.0
654	6.0
655	7.0
656	6.0
657	5.0
658	4.0
659	10.0
660	5.0
661	2.0
662	5.0
663	4.0
664	3.0
665	4.0
666	6.0
667	3.0
668	1.0
669	2.0
670	2.0
671	2.0
672	6.0
673	3.0
674	4.0
675	7.0
676	4.0
677	8.0
678	5.0
679	5.0
680	6.0
681	1.0
682	3.0
683	4.0
684	5.0
685	4.0
686	3.0
687	11.0
688	4.0
689	8.0
690	5.0
691	1.0
692	5.0
693	2.0
694	5.0
695	3.0
696	9.0
697	3.0
698	4.0
699	3.0
700	5.0
701	8.0
702	6.0
703	4.0
704	8.0
705	7.0
706	3.0
707	6.0
708	4.0
709	3.0
710	4.0
711	5.0
712	2.0
713	4.0
714	6.0
715	5.0
716	5.0
717	4.0
718	4.0
719	3.0
720	5.0
721	4.0
722	2.0
723	6.0
724	5.0
725	3.0
726	4.0
727	4.0
728	7.0
729	5.0
730	4.0
731	4.0
732	2.0
733	5.0
734	9.0
735	3.0
736	5.0
737	4.0
738	3.0
739	6.0
740	2.0
741	5.0
742	3.0
743	1.0
744	4.0
745	5.0
746	7.0
747	5.0
748	6.0
749	3.0
750	4.0
751	1.0
752	4.0
753	4.0
754	3.0
755	1.0
756	3.0
757	7.0
758	7.0
759	6.0
760	2.0
761	4.0
762	4.0
763	3.0
764	1.0
765	4.0
766	4.0
767	2.0
768	2.0
769	7.0
770	6.0
771	6.0
772	5.0
773	1.0
774	5.0
775	3.0
776	7.0
777	4.0
778	7.0
779	5.0
780	4.0
781	3.0
782	5.0
783	1.0
784	2.0
785	5.0
786	5.0
787	3.0
788	5.0
789	2.0
790	6.0
791	1.0
792	4.0
793	5.0
794	8.0
795	5.0
796	4.0
797	5.0
798	4.0
799	1.0
800	2.0
801	5.0
802	8.0
803	5.0
804	4.0
805	4.0
806	3.0
807	3.0
808	1.0
809	2.0
810	4.0
811	8.0
812	4.0
813	2.0
814	7.0
815	3.0
816	4.0
817	6.0
818	1.0
819	3.0
820	4.0
821	8.0
822	6.0
823	4.0
824	7.0
825	3.0
826	0.0
827	3.0
828	4.0
829	3.0
830	2.0
831	4.0
832	7.0
833	1.0
834	4.0
835	1.0
836	4.0
837	5.0
838	4.0
839	5.0
840	3.0
841	3.0
842	4.0
843	2.0
844	5.0
845	2.0
846	2.0
847	3.0
848	2.0
849	5.0
850	6.0
851	2.0
852	2.0
853	2.0
854	3.0
855	3.0
856	4.0
857	5.0
858	3.0
859	5.0
860	6.0
861	7.0
862	4.0
863	6.0
864	5.0
865	4.0
866	4.0
867	1.0
868	3.0
869	3.0
870	1.0
871	4.0
872	3.0
873	3.0
874	0.0
875	1.0
876	3.0
877	1.0
878	3.0
879	2.0
880	0.0
881	7.0
882	2.0
883	4.0
884	5.0
885	4.0
886	6.0
887	5.0
888	5.0
889	7.0
890	3.0
891	4.0
892	4.0
893	2.0
894	2.0
895	4.0
896	2.0
897	6.0
898	1.0
899	4.0
900	5.0
901	3.0
902	3.0
903	7.0
904	2.0
905	1.0
906	1.0
907	1.0
908	1.0
909	2.0
910	3.0
911	4.0
912	3.0
913	4.0
914	4.0
915	1.0
916	4.0
917	3.0
918	4.0
919	2.0
920	1.0
921	3.0
922	3.0
923	1.0
924	5.0
925	3.0
926	2.0
927	1.0
928	5.0
929	3.0
930	3.0
931	2.0
932	1.0
933	6.0
934	3.0
935	4.0
936	3.0
937	3.0
938	1.0
939	3.0
940	4.0
941	1.0
942	5.0
943	1.0
944	2.0
945	2.0
946	3.0
947	2.0
948	2.0
949	7.0
950	2.0
951	5.0
952	3.0
953	2.0
954	4.0
955	3.0
956	3.0
957	3.0
958	1.0
959	3.0
960	3.0
961	2.0
962	2.0
963	2.0
964	2.0
965	1.0
966	3.0
967	4.0
968	2.0
969	0.0
970	3.0
971	1.0
972	1.0
973	3.0
974	1.0
975	3.0
976	3.0
977	3.0
978	2.0
979	3.0
980	2.0
981	5.0
982	4.0
983	3.0
984	1.0
985	3.0
986	1.0
987	4.0
988	4.0
989	9.0
990	3.0
991	3.0
992	0.0
993	1.0
994	2.0
995	2.0
996	3.0
997	0.0
998	4.0
999	4.0
1000	1.0
1001	0.0
1002	2.0
1003	2.0
1004	6.0
1005	3.0
1006	3.0
1007	3.0
1008	3.0
1009	0.0
1010	0.0
1011	0.0
1012	0.0
1013	0.0
1014	0.0
1015	0.0
1016	0.0
1017	0.0
1018	0.0
1019	0.0
1020	0.0
1021	0.0
1022	0.0
1023	0.0
1024	0.0
